	KLM/name	been/noun	immers/adv	langzaam/adj	alsof/comp	mag/verb	inmiddels/adv	zoals/comp	dan/adv	per/prep	Litmanen/name	hoofd/noun	regering/noun	hoog/adj	in/verb	vorder_terug/verb	accijns/noun	loon_belasting/noun	belasting_dienst/noun	teatraal/adj	nergens/adv	verzekeraar/noun	hand/noun	ministerie/noun	ook/adv	Lanaken/name	sanctie/noun	te/prep	tegelijk/adj	handpalm/noun	om/comp	belasting/noun	louter/adj	Camiel/name	premie/noun	frank/noun	heffing/noun	echter/adv	boete/noun	stad/noun	die/det	zij/pron	nu/adv	arm/adj	Informatie/name	glas/noun	hierover/pp	land/noun	daarna/adv	voortaan/adv	en/vg	entree/noun	vinger_DIM/noun	sinds/prep	LPF_minister/noun	hulpeloos/adj	maandag_avond/noun	feestganger/noun	anno/prep	ze/pron	Canada/name	toegang/noun	alvast/adv	rente/noun	voorheffing/noun	bovendien/adv	Henk/name	heer/noun	als/comp	opcentiemen/noun	omdat/comp	tarief/noun	toch/adv	zondag_middag/noun	energie/prefix	het/det	vertwijfeld/adj	Francis/name	lach/adj	netjes/adj	instantie/noun	men/pron	lidstaat/noun	procent/noun	Griek/noun	onroerend_zaak_belasting/noun	verontschuldig/adj	op/prep	beeld_DIM/noun	vinger/noun	ter/prep	boven/prep	over/prep	provincie/noun	terwijl/comp	glas_DIM/noun	dankbaar/adj	inkomst_belasting/noun	toeslag/noun	statie_geld/noun	opslag/noun	meer/adj	staat/noun	toegang_prijs/noun	arm/noun	hij/pron	bovenop/prep	successie_recht/noun	hak/noun	invoer_recht/noun	even/adj	keer/noun	overheid/noun	wanneer/comp	triomfantelijk/adj	tol/noun	fiscus/noun	laag/adj	percentage/noun	administratie/noun	aanvankelijk/adj	taksen/noun	vanaf/prep	hoopvol/adj	zonder/comp	gemeente/noun	eventueel/adj	toelage/noun	dwingend/adj	college_geld/noun	milieu_belasting/noun	taks/noun	of/vg
KLM/name	0.0	0.9729199	0.9381693	0.95686215	0.98766935	0.86837447	0.7992119	0.9019342	0.9057343	0.7179092	0.95531833	0.97211534	0.9083373	0.77358234	0.8271258	0.9194939	0.8735585	0.6880237	0.78466314	0.9574279	0.9716719	0.715397	0.9312854	0.9032717	0.8296915	0.98658043	0.8429084	0.9623045	0.8648596	0.96839464	0.86965287	0.769076	0.9292503	0.9650675	0.77004004	0.8207804	0.77425694	0.7814107	0.79565775	0.94083315	0.7780247	0.76760006	0.80321753	0.98529595	0.9434116	0.92471135	0.89907044	0.91256356	0.91395175	0.7568727	0.84528935	0.8310757	0.9597406	0.82787126	0.8817785	0.9664692	0.9141847	0.9366539	0.9481144	0.9554567	0.9149256	0.88975656	0.9844013	0.7584957	0.73355746	0.7074498	0.9917547	0.9508854	0.8833095	0.81739634	0.7731223	0.7050612	0.96275586	0.9277789	0.8771735	0.908258	0.9401764	0.95531493	0.9630049	0.95439464	0.8016976	0.87499595	0.8900838	0.6262501	0.966203	0.7971793	0.9741038	0.8487787	0.97696066	0.9578464	0.90459126	0.7909225	0.8270287	0.9366971	0.7961576	0.9508021	0.987344	0.75548047	0.48181927	0.9637953	0.9184888	0.87985975	0.9658181	0.8919152	0.9763031	0.93164307	0.6822559	0.7690722	0.95893127	0.8229233	0.985116	0.9732221	0.86086714	0.9387827	0.96309054	0.9175753	0.83016163	0.6908338	0.72157943	0.8294427	0.7134833	0.87067014	0.6167103	0.9370365	0.897369	0.77562493	0.70034885	0.9053865	0.9064386	0.9131333	0.8589263	0.8173631	0.87146515
been/noun	0.9729199	0.0	0.9723608	0.6235976	0.513317	0.9148352	0.88308007	0.939207	0.88134414	0.92202985	0.86515665	0.48725188	0.9500629	0.8914046	0.946865	0.96523005	0.96229863	0.9458486	0.9389451	0.6304718	0.8040934	0.9398587	0.401331	0.9712204	0.9514743	0.9500024	0.96519053	0.529933	0.82165235	0.40180886	0.8494195	0.9372178	0.8755317	0.9400472	0.9542041	0.98304605	0.9690336	0.91925263	0.963706	0.903335	0.8580524	0.76981175	0.8714372	0.40631878	0.941606	0.72679174	0.98383826	0.72547436	0.69437873	0.94210297	0.70709693	0.9662422	0.64714414	0.98488164	0.9038678	0.38274395	0.95566326	0.92815953	0.8144234	0.62435454	0.9665049	0.85053766	0.8982803	0.9485639	0.970722	0.9493592	0.8980656	0.7455675	0.82792073	0.9733105	0.90517855	0.97456104	0.8583143	0.9148491	0.9548842	0.77578855	0.4880175	0.9765335	0.6060482	0.77520275	0.90619427	0.8252123	0.8559029	0.9744199	0.875334	0.9858709	0.49241006	0.76694673	0.81743383	0.43095064	0.8116381	0.6865525	0.7212633	0.92655426	0.5708592	0.82034713	0.7933933	0.9497632	0.95189726	0.9145725	0.88725394	0.92382026	0.89639807	0.95503974	0.2807399	0.67046857	0.9285928	0.9412078	0.69446695	0.94368917	0.58993113	0.9471506	0.9128544	0.73990726	0.588463	0.949892	0.93521106	0.9592538	0.8257154	0.9261314	0.87880665	0.9604941	0.9634831	0.7688345	0.7694995	0.9473248	0.94132084	0.9788735	0.78506863	0.92466944	0.97092587	0.96547943	0.65330255
immers/adv	0.9381693	0.9723608	0.0	0.83595926	0.7558834	0.6049577	0.7189567	0.54699814	0.5841583	0.61548716	0.9333004	0.93200094	0.3974839	0.4535058	0.2764321	0.5605273	0.30240887	0.4803359	0.45471263	0.9469688	0.7089937	0.651546	0.95312446	0.75182873	0.7036953	0.87936914	0.7345141	0.7777587	0.7465458	0.9908918	0.49788356	0.2611906	0.8046144	0.9946789	0.51192117	0.52838576	0.30834502	0.55830187	0.4806741	0.70896906	0.53075635	0.70491546	0.64916855	0.8520322	0.9396668	0.9349837	0.37724727	0.6641242	0.90309954	0.35666108	0.64456046	0.8919038	0.9137226	0.84800524	0.93196505	0.90994054	0.9492644	0.9623239	0.7889177	0.92533916	0.7076875	0.7929989	0.7513911	0.41856986	0.45727056	0.31368548	0.9829013	0.9487556	0.54960644	0.430968	0.37012154	0.35284132	0.8135394	0.9619939	0.617638	0.92917854	0.86406755	0.9329226	0.87851804	0.62846315	0.64745224	0.6585782	0.50992703	0.42151135	0.8901473	0.6576685	0.93055147	0.48393226	0.94505084	0.9363742	0.73147297	0.72458243	0.60111123	0.6734857	0.7126839	0.9445032	0.86217654	0.40132397	0.69386494	0.75041807	0.7408526	0.66956645	0.5716429	0.95137537	0.9627751	0.9667735	0.40698195	0.47597873	0.8813338	0.42692447	0.94592613	0.82376516	0.34734815	0.4797209	0.97565293	0.6553895	0.36843336	0.4006948	0.53886104	0.50557256	0.8249266	0.47188455	0.5380099	0.96260035	0.49404633	0.6221701	0.36965334	0.763311	0.8278184	0.7638139	0.5097169	0.5686618	0.599222
langzaam/adj	0.95686215	0.6235976	0.83595926	0.0	0.65948325	0.8629831	0.83055097	0.8269759	0.84324163	0.765539	0.75321347	0.6587919	0.86416644	0.79206324	0.8429588	0.95982265	0.86712956	0.87346286	0.90339655	0.68985385	0.7676632	0.9388671	0.6498728	0.9781129	0.8179909	0.94326854	0.9173309	0.8346671	0.7492213	0.71170413	0.785469	0.8456733	0.8735961	0.9775973	0.9070859	0.82924604	0.8740828	0.68427455	0.94067985	0.8853522	0.80478567	0.7632538	0.66429424	0.723562	0.9547193	0.71534425	0.9195007	0.8819806	0.66909313	0.90944594	0.7470474	0.82871425	0.7942048	0.8717363	0.9757	0.6387399	0.94253117	0.7026292	0.7788571	0.6473838	0.9577675	0.86272234	0.86057746	0.78073645	0.8725658	0.7934833	0.87602603	0.76941824	0.7974492	0.8544368	0.9005623	0.8440297	0.72757924	0.9587773	0.7784324	0.7421864	0.7322219	0.9935766	0.7173133	0.7826553	0.95199406	0.6688647	0.78818834	0.8378457	0.7543524	0.980594	0.74715745	0.89918613	0.87051016	0.77066076	0.83467084	0.6122521	0.91008496	0.9289468	0.63778615	0.60843694	0.8954238	0.9242941	0.8835272	0.93755174	0.8387599	0.89909613	0.97907996	0.794542	0.6540897	0.6672125	0.7690463	0.9368883	0.89307606	0.9402011	0.62547266	0.92191243	0.80150783	0.6525272	0.76140016	0.7293731	0.94429976	0.76985157	0.76576424	0.9574483	0.71671957	0.8022916	0.86355084	0.69658494	0.78938556	0.92583746	0.84140676	0.9451082	0.7398455	0.9193211	0.79911685	0.9414999	0.7388524
alsof/comp	0.98766935	0.513317	0.7558834	0.65948325	0.0	0.7337409	0.82165164	0.7640041	0.56786376	0.897565	0.77816343	0.6073939	0.8742323	0.8852075	0.86443406	0.8067777	0.9198548	0.9679675	0.8497024	0.6671509	0.8549392	0.90744007	0.46938205	0.9341762	0.7854151	0.9626569	0.9662266	0.6396558	0.69778204	0.59266436	0.79261315	0.8732993	0.72052073	0.8897269	0.8685636	0.92994994	0.8613581	0.76146954	0.8746934	0.92239076	0.8560514	0.7763117	0.66109514	0.5912433	0.96982414	0.6770781	0.81413513	0.89014053	0.5745151	0.8226718	0.6903139	0.685204	0.7239189	0.9818792	0.8685099	0.4878078	0.8361412	0.8810958	0.7579206	0.57519805	0.99773026	0.9350391	0.67941034	0.9179373	0.87908363	0.7394537	0.7477865	0.68166864	0.44753855	0.9409534	0.6306626	0.8926496	0.689106	0.79967105	0.9880495	0.8173804	0.5093229	0.95218974	0.48002803	0.66253746	0.6978837	0.7754558	0.8908711	0.945085	0.69867265	0.90647906	0.44455528	0.8008805	0.8421998	0.676596	0.9578747	0.6910733	0.7040173	0.9628964	0.42680752	0.79351926	0.714257	0.8633664	0.88329196	0.9459182	0.9090894	0.80430627	0.85065913	0.966769	0.43976104	0.5222088	0.84042364	0.90970236	0.77958024	0.9118986	0.5573133	0.8919206	0.88733596	0.42149758	0.5040986	0.8833009	0.8530135	0.9121765	0.8769084	0.8662676	0.6941216	0.9638691	0.7805493	0.74503374	0.68547016	0.943083	0.89509356	0.9806566	0.69969314	0.97515756	0.85337716	0.9671142	0.6768664
mag/verb	0.86837447	0.9148352	0.6049577	0.8629831	0.7337409	0.0	0.8276275	0.7003028	0.5480931	0.5926402	0.9580672	0.9263329	0.72371197	0.69578624	0.67634344	0.56321967	0.7292851	0.6945541	0.6769589	0.9687169	0.7689558	0.67530876	0.87136286	0.8419297	0.48468798	0.91278553	0.7117852	0.85241514	0.730914	0.895283	0.52943826	0.65279335	0.8537998	0.97740996	0.68144923	0.75914365	0.58986735	0.7091848	0.68569744	0.83809566	0.6609816	0.5987998	0.64354086	0.865446	0.9065701	0.84354067	0.69403434	0.8507402	0.76808375	0.59353256	0.7057134	0.9361068	0.75645995	0.9505631	0.8212409	0.9077248	0.8412618	0.8148614	0.86690164	0.6822903	0.8864045	0.71749425	0.66002035	0.7037549	0.7907509	0.5286517	0.9588738	0.8466751	0.5064423	0.8530402	0.4860847	0.6805395	0.6044333	0.7226853	0.95312023	0.73818433	0.87327373	0.9286434	0.75912035	0.64588153	0.79740185	0.55671597	0.6803153	0.8038138	0.86943376	0.6765374	0.9016875	0.84736764	0.7522436	0.866364	0.8719648	0.86263824	0.7241899	0.8288351	0.6823081	0.674186	0.55188453	0.65271777	0.76105666	0.8605565	0.8291758	0.7018821	0.8043802	0.8393505	0.9076763	0.80199194	0.81084913	0.80983055	0.91130525	0.7320857	0.6894201	0.75478137	0.64169896	0.598464	0.9229696	0.81369674	0.6819	0.70418036	0.7965322	0.68803227	0.69667876	0.71727717	0.69051623	0.7915964	0.6811124	0.7290891	0.59658694	0.7541123	0.80367804	0.62180215	0.757303	0.77751267	0.65042984
inmiddels/adv	0.7992119	0.88308007	0.7189567	0.83055097	0.82165164	0.8276275	0.0	0.67677075	0.82205766	0.8968613	0.6568954	0.8854965	0.79921335	0.77303416	0.7466247	0.7316399	0.8270019	0.7304086	0.8238862	0.9807542	0.84136766	0.69547844	0.87326765	0.76553655	0.7856819	0.97099674	0.9081664	0.85422456	0.9443036	0.857878	0.74385583	0.76561105	0.9808612	0.92260486	0.7678501	0.9134127	0.78727436	0.645812	0.8261881	0.9144448	0.949358	0.83680093	0.7666882	0.85261345	0.85645115	0.9001559	0.79594266	0.86011	0.90186983	0.68819344	0.70623136	0.86250424	0.73505855	0.7795472	0.96453106	0.9659468	0.95444816	0.9112076	0.9528973	0.94534403	0.7483964	0.82588565	0.9006743	0.7067507	0.8113967	0.7025319	0.90473795	0.7469504	0.6804243	0.9049474	0.7043916	0.7880009	0.9403645	0.9880697	0.8926625	0.70179176	0.8457906	0.86044836	0.73643446	0.7839188	0.6789319	0.9170122	0.73048824	0.766494	0.98321056	0.9343479	0.9559129	0.87967	0.9836933	0.8207239	0.7923461	0.80638	0.8511727	0.87293077	0.7581121	0.99569833	0.9379437	0.74100757	0.79455733	0.9495972	0.8436726	0.91566604	0.9508501	0.9795504	0.84107316	0.9646498	0.8246691	0.8174643	0.8481676	0.80899286	0.79039085	0.81988704	0.75107247	0.7773767	0.96711516	0.87788707	0.6897136	0.7632407	0.8482873	0.80390793	0.88560474	0.86572987	0.84678966	0.93190944	0.69933486	0.8728825	0.7891987	0.92200804	0.7152066	0.950833	0.9337347	0.94143915	0.8182212
zoals/comp	0.9019342	0.939207	0.54699814	0.8269759	0.7640041	0.7003028	0.67677075	0.0	0.71098566	0.73321384	0.81637734	0.87696266	0.5305499	0.58074784	0.5881791	0.6895301	0.59103274	0.79873747	0.7642476	0.7539833	0.7953117	0.83672607	0.8783978	0.86367756	0.7017015	0.94279736	0.73548925	0.79412353	0.7469412	0.9600872	0.5547083	0.6046126	0.7075287	0.9111582	0.8182875	0.70932317	0.5443703	0.6800864	0.6965802	0.8099723	0.6500319	0.73650575	0.82256806	0.789967	0.9378614	0.78080124	0.6993355	0.70328426	0.8827298	0.6501523	0.42277688	0.83231777	0.90975076	0.90111697	0.983462	0.87762636	0.94757104	0.93121004	0.8507933	0.8764235	0.6698838	0.799945	0.8648106	0.8030292	0.73552823	0.68132746	0.89002454	0.88077676	0.61110866	0.7561654	0.5774977	0.6528717	0.79366285	0.93382293	0.79067653	0.8053844	0.93582153	0.90301085	0.776232	0.69865185	0.796958	0.68737113	0.6587585	0.73569775	0.7813316	0.8403467	0.9052845	0.7007908	0.8805349	0.93702453	0.73959243	0.71550655	0.74271905	0.83919215	0.8155111	0.8400415	0.8598113	0.74653876	0.8672616	0.5998082	0.7707295	0.69573057	0.7174861	0.9511065	0.9086726	0.8923403	0.6332012	0.78971946	0.92432004	0.67528665	0.8167437	0.83721507	0.5147276	0.68170947	0.89654773	0.71235377	0.7242812	0.6841421	0.82651854	0.837793	0.71485984	0.72937584	0.6618118	0.8752167	0.6153156	0.7227813	0.4873683	0.90089065	0.8165477	0.75781024	0.6437979	0.7589813	0.49253064
dan/adv	0.9057343	0.88134414	0.5841583	0.84324163	0.56786376	0.5480931	0.82205766	0.71098566	0.0	0.819807	0.9294702	0.8671832	0.7507595	0.8033785	0.6722421	0.6894575	0.737476	0.7988478	0.6549523	0.9405101	0.7530992	0.7832634	0.7952306	0.8988079	0.6641847	0.9390316	0.80876976	0.8668338	0.6957102	0.8951495	0.6429094	0.6579725	0.7345259	0.9949067	0.74092305	0.804426	0.6598766	0.6928118	0.69734657	0.8906562	0.6055023	0.627756	0.46391773	0.87801445	0.990079	0.8051873	0.65933114	0.8548885	0.55324996	0.61651075	0.7810723	0.8939102	0.7310273	0.93417966	0.8226624	0.79336154	0.92663777	0.7936659	0.8571332	0.5882968	0.93294895	0.94452846	0.58940655	0.7694432	0.7309197	0.6310427	0.8875301	0.7882639	0.37807167	0.7921198	0.570205	0.7165264	0.52997935	0.81821793	0.9205688	0.8856676	0.86437446	0.9059969	0.7916508	0.6377251	0.73478866	0.5432395	0.8011831	0.7952075	0.8227592	0.8230816	0.859177	0.7790571	0.85146415	0.8348979	0.85050774	0.83890975	0.6716859	0.9425901	0.5978627	0.7700065	0.55877316	0.68905765	0.80448574	0.8727472	0.8867981	0.7224506	0.67940426	0.90541995	0.80273956	0.6722992	0.7222343	0.70387465	0.9353758	0.76743805	0.5544982	0.800904	0.7268449	0.51278424	0.8297393	0.74818075	0.62543464	0.7660683	0.7983805	0.7804622	0.81524026	0.7802759	0.6720891	0.7784238	0.6679652	0.8464136	0.6750146	0.90753466	0.8315114	0.8272902	0.7751829	0.8331443	0.6422801
per/prep	0.7179092	0.92202985	0.61548716	0.765539	0.897565	0.5926402	0.8968613	0.73321384	0.819807	0.0	0.93092626	0.8594614	0.63299894	0.46419793	0.48610407	0.6426236	0.58567595	0.6022174	0.67250776	0.9501243	0.80989814	0.6590789	0.8450387	0.8580907	0.8282364	0.9008059	0.8195236	0.8627275	0.790755	0.9140028	0.5901096	0.48297065	0.88351315	0.98620766	0.4728229	0.34020787	0.41176522	0.7890751	0.5724683	0.64561224	0.624931	0.71255755	0.83163476	0.8075882	0.9261902	0.5877474	0.7293591	0.8434275	0.86909413	0.387419	0.68213165	0.713609	0.962417	0.82817364	0.998449	0.9430207	0.89983296	0.78559935	0.9247156	0.9272773	0.89958626	0.60815406	0.78189754	0.62268466	0.6128738	0.41831893	0.94881195	0.9662113	0.7624027	0.66938734	0.6344038	0.5101646	0.910908	0.88979816	0.7098254	0.7245916	0.9312216	0.9933346	0.8941315	0.77442205	0.8754393	0.82674044	0.70913625	0.49306297	0.9267629	0.56150967	0.9297683	0.6209551	0.7345325	0.9361993	0.66654134	0.54070616	0.7005789	0.65395737	0.70076466	0.70849895	0.9273144	0.62092644	0.51526284	0.56560314	0.55277264	0.5925381	0.78457564	0.5542168	0.9265192	0.92417246	0.34423274	0.7118703	0.95473754	0.6430793	0.91294295	0.64377236	0.5633427	0.7143146	0.8873439	0.7809539	0.7380334	0.4234498	0.6539023	0.70278347	0.7172312	0.5867176	0.4560458	0.9427543	0.66062415	0.5373244	0.57278645	0.55836594	0.92755914	0.69577646	0.56578445	0.4762187	0.47126234
Litmanen/name	0.95531833	0.86515665	0.9333004	0.75321347	0.77816343	0.9580672	0.6568954	0.81637734	0.9294702	0.93092626	0.0	0.90420973	0.9727131	0.86447763	0.9487965	0.9571346	0.9778035	0.9772588	0.9643713	0.7650484	0.8639365	0.9463837	0.8453341	0.97477096	0.83742344	0.9374554	0.9594711	0.9774871	0.7880481	0.95941997	0.9164169	0.98144346	0.87858397	0.99244165	0.95617336	0.939701	0.9522867	0.8322578	0.9336457	0.968204	0.8665967	0.88629395	0.92110574	0.931937	0.8738319	0.86950237	0.940202	0.9746972	0.9136116	0.969925	0.84724677	0.63551164	0.9062204	0.86336434	0.8473328	0.9499581	0.9517918	0.9649371	0.8189318	0.8294704	0.9681265	0.9399282	1.0	0.9471649	0.97694194	0.979694	0.72435415	0.89005077	0.9051221	0.9924966	0.93983054	0.96420014	0.91984665	0.94134367	0.98118335	0.96491814	0.95363027	0.9520198	0.7007346	0.9579931	0.869231	0.90152746	0.9061314	0.975997	0.9291251	0.9886739	0.92704594	0.8959601	0.94442636	0.9468848	0.98802817	0.855219	0.85861236	0.98433334	0.93669236	0.96457136	0.86547947	0.9680754	0.89074665	0.9593817	0.93624	0.9397075	0.98395807	0.953651	0.87229604	0.8098195	0.83989733	0.96204686	0.55854857	0.9545126	0.88982874	0.7694424	0.91738254	0.82529	0.7652793	0.95663375	0.9414115	0.9711516	0.93026006	0.96601	0.95077986	0.9506745	0.87207925	0.8820002	0.87901884	0.9711339	0.9760214	0.94436425	0.6444503	0.9764221	0.96063006	0.95354724	0.89365697
hoofd/noun	0.97211534	0.48725188	0.93200094	0.6587919	0.6073939	0.9263329	0.8854965	0.87696266	0.8671832	0.8594614	0.90420973	0.0	0.9213174	0.8641485	0.95094794	0.920148	0.87100095	0.8954758	0.85406727	0.8214841	0.9249056	0.92440945	0.44686157	0.85455906	0.95546645	0.9878539	0.9491199	0.6605909	0.76553863	0.6712476	0.8794106	0.8980075	0.8580227	0.9548102	0.87820023	0.902701	0.93213505	0.9260347	0.9219754	0.84729975	0.89402723	0.7880838	0.87382054	0.61027515	0.8780705	0.6100712	0.9163354	0.79594934	0.74843264	0.86376077	0.71205795	0.7253387	0.79535973	0.98578244	0.9237163	0.42669415	0.91947174	0.7719779	0.7193303	0.6172701	0.89450634	0.84431005	0.90595937	0.87178546	0.93872094	0.9411639	0.6424055	0.72630155	0.8602249	0.987213	0.90378636	0.908792	0.92302144	0.8278194	0.9210892	0.79698795	0.7331825	0.9331658	0.64966667	0.8800002	0.82432413	0.8583315	0.8714014	0.83298826	0.85050595	0.97977006	0.6081308	0.86538315	0.74655104	0.56006086	0.8484385	0.6772192	0.8850696	0.9034961	0.5126512	0.81521463	0.8616394	0.9215202	0.83954537	0.849496	0.9128276	0.915205	0.9322498	0.90711623	0.3647952	0.53608024	0.8958662	0.9417288	0.82011366	0.91897154	0.6402379	0.8280109	0.85897565	0.7182285	0.5058446	0.92656195	0.9194721	0.92370635	0.82255656	0.89190775	0.94796896	0.91205865	0.9315054	0.6516465	0.87805283	0.943469	0.897134	0.93990535	0.79881144	0.9170476	0.8876109	0.93443847	0.7365626
regering/noun	0.9083373	0.9500629	0.3974839	0.86416644	0.8742323	0.72371197	0.79921335	0.5305499	0.7507595	0.63299894	0.9727131	0.9213174	0.0	0.59028697	0.42604262	0.55819666	0.29938304	0.6635641	0.72805	0.9655488	0.70419717	0.8063954	0.94896555	0.70265865	0.7967999	0.9254224	0.5858121	0.8757251	0.78729707	0.89164793	0.40619147	0.4423622	0.79009664	0.973403	0.767384	0.5581799	0.39607304	0.71445227	0.5421506	0.6771536	0.5893247	0.7237976	0.8434216	0.82564694	0.81404024	0.8739206	0.6453222	0.64060557	0.9206156	0.52397466	0.672413	0.95854247	0.835003	0.9513599	0.88722324	0.9646683	0.9124522	0.95782185	0.9504223	0.89012647	0.8097353	0.863006	0.81336105	0.7268009	0.733519	0.5655952	0.99963874	0.91306037	0.6459439	0.64580375	0.53106606	0.60421586	0.8850565	0.97951734	0.67407084	0.8318645	0.96902966	0.8914818	0.8865958	0.63507146	0.7327976	0.61984926	0.2410295	0.73688924	0.9784066	0.85220164	0.97696924	0.5173595	0.99833363	0.90814954	0.68760455	0.8288408	0.76804423	0.7092557	0.9036243	0.9748926	0.93825555	0.67018956	0.8350011	0.73738027	0.7092764	0.6315233	0.657782	0.9584305	0.96970016	0.9104876	0.5123192	0.6675272	0.98217285	0.4299783	0.93163747	0.95600224	0.35884315	0.7160325	0.9713417	0.56119585	0.66577125	0.59626615	0.8034692	0.5242597	0.9108871	0.51150846	0.6810953	0.9067101	0.44188803	0.5844716	0.43861938	0.82219166	0.85030663	0.80155534	0.5494344	0.5904311	0.6283697
hoog/adj	0.77358234	0.8914046	0.4535058	0.79206324	0.8852075	0.69578624	0.77303416	0.58074784	0.8033785	0.46419793	0.86447763	0.8641485	0.59028697	0.0	0.35948592	0.60932887	0.38978893	0.61976594	0.65515196	0.9487133	0.7613944	0.6611742	0.9237896	0.8713791	0.8212222	0.8135003	0.82889855	0.8364361	0.76545125	0.9882132	0.5267366	0.3264858	0.86491907	0.9509724	0.5559901	0.48872435	0.3323735	0.74932194	0.6235744	0.71153796	0.6418816	0.71693784	0.80591524	0.8460685	0.94967186	0.90814376	0.6127179	0.7039522	0.9711029	0.47106636	0.5077441	0.89207304	0.95303994	0.72709143	0.9829493	0.95364285	0.94289804	0.8746228	0.85659844	0.9414769	0.7758351	0.7232162	0.92202675	0.43448853	0.51283723	0.42058492	0.97513103	0.9158034	0.72117025	0.5697897	0.5591054	0.3641104	0.9124016	0.9563793	0.79264104	0.7115358	0.9688027	0.9980446	0.9326493	0.7139213	0.84185237	0.83037835	0.64878714	0.34004623	0.9177565	0.6028178	0.9685622	0.4737088	0.8895476	0.9520441	0.76545614	0.5170821	0.5593919	0.7209748	0.6421061	0.9148221	0.89407825	0.44781882	0.6941808	0.7527249	0.66784763	0.7458265	0.7097471	0.80744374	0.9313289	0.95879555	0.33369392	0.58328056	0.72197795	0.45789522	0.95719254	0.8036953	0.37480456	0.69589365	0.94022876	0.63371336	0.56301785	0.15719527	0.52140176	0.758054	0.7670696	0.5302196	0.55790627	0.9696627	0.47467142	0.6106839	0.45548546	0.7430208	0.873788	0.6929427	0.53899807	0.6789471	0.55756617
in/verb	0.8271258	0.946865	0.2764321	0.8429588	0.86443406	0.67634344	0.7466247	0.5881791	0.6722421	0.48610407	0.9487965	0.95094794	0.42604262	0.35948592	0.0	0.43187523	0.32789123	0.44566792	0.37663436	0.95335996	0.6646754	0.61582005	0.94233316	0.7425813	0.7123118	0.7297381	0.7654557	0.83191895	0.788394	0.9304492	0.44984996	0.18047404	0.80530566	0.963201	0.45493686	0.38710237	0.15947527	0.68205035	0.39467698	0.6124583	0.49892658	0.6731375	0.7515809	0.860952	0.9257062	0.8313554	0.4753645	0.75821865	0.9667361	0.2907006	0.57352674	0.87372696	0.8828032	0.8453639	0.9983415	0.96998024	0.93961525	0.9604266	0.895283	0.9419792	0.8048613	0.77288455	0.75424063	0.4690712	0.2814942	0.32717413	0.9907796	0.91941184	0.62547934	0.37081826	0.43763775	0.36743444	0.8830006	0.9803283	0.6099031	0.81928366	0.9123754	0.8163254	0.89860004	0.5634863	0.66179407	0.78249246	0.588022	0.43014014	0.93056464	0.63392353	0.9776707	0.38013184	0.98900545	0.9278145	0.67423797	0.71031857	0.5946362	0.62729406	0.7300964	0.9859957	0.95633686	0.34988517	0.5599844	0.64382124	0.67441064	0.67367774	0.5399485	0.94529796	0.96964	0.9637421	0.3178234	0.36153644	0.91545296	0.46610093	0.9700346	0.8694789	0.3176918	0.6359368	0.9601258	0.5238331	0.31104243	0.3382491	0.5180026	0.48881686	0.83224833	0.44233888	0.47014672	0.9717368	0.4433248	0.4647768	0.40387225	0.75981677	0.92066264	0.72939456	0.4509219	0.41071087	0.51166284
vorder_terug/verb	0.9194939	0.96523005	0.5605273	0.95982265	0.8067777	0.56321967	0.7316399	0.6895301	0.6894575	0.6426236	0.9571346	0.920148	0.55819666	0.60932887	0.43187523	0.0	0.5565991	0.5961658	0.4513706	0.9847497	0.8712979	0.43601716	0.91387093	0.54651713	0.8345864	0.88718235	0.70499635	0.91544807	0.85012585	0.9806029	0.5929538	0.44286537	0.89251274	0.9734276	0.41446245	0.6544065	0.4810326	0.7611532	0.47727317	0.6786696	0.6915649	0.7106253	0.8313726	0.8702609	0.78715324	0.94463754	0.5254687	0.8337308	0.83574873	0.3958059	0.58210033	0.93466175	0.8710279	0.90711504	0.9658179	0.94989276	0.95188624	0.985021	0.9526031	0.8531116	0.91992664	0.8062813	0.7567402	0.57924145	0.6374347	0.4086154	0.9821794	0.8767691	0.61334693	0.80329263	0.48798555	0.6669461	0.8799375	0.97617155	0.91291094	0.75425726	0.8903429	0.6810585	0.8562908	0.5354819	0.53069234	0.80519414	0.6108501	0.7732132	0.9538508	0.7439275	0.97628754	0.7740525	0.9605424	0.9257419	0.89991224	0.8431487	0.62168825	0.6881473	0.77827585	0.9515972	0.9297372	0.5754914	0.64363575	0.9393879	0.828022	0.7309502	0.50165474	0.9181035	0.96750295	0.89432436	0.70722926	0.68321645	0.9470572	0.5842618	0.92524725	0.8888913	0.40117347	0.6915274	0.9563848	0.61662376	0.43843544	0.596921	0.76189154	0.35919595	0.7685207	0.62555003	0.65196943	0.9722302	0.6022085	0.61565256	0.5264348	0.59097314	0.90539294	0.60189134	0.593835	0.7562071	0.6642967
accijns/noun	0.8735585	0.96229863	0.30240887	0.86712956	0.9198548	0.7292851	0.8270019	0.59103274	0.737476	0.58567595	0.9778035	0.87100095	0.29938304	0.38978893	0.32789123	0.5565991	0.0	0.551062	0.56824493	0.94980884	0.7565341	0.67633575	0.95635945	0.7568124	0.7862869	0.8250561	0.6398646	0.83174735	0.79165673	0.9616204	0.49569637	0.23728204	0.8043518	0.96327984	0.5549219	0.45742774	0.29430056	0.6821772	0.33601475	0.6983827	0.54219586	0.77706367	0.806973	0.889218	0.8529457	0.9206294	0.49960268	0.64780426	0.8867561	0.46231657	0.61321485	0.8576239	0.85914826	0.8413841	0.9639472	0.9586758	0.9589523	0.9419156	0.9705761	0.9203091	0.6992494	0.70786214	0.85464215	0.44785398	0.5657787	0.47772598	0.99553984	0.95099217	0.7324375	0.496337	0.47989804	0.38336784	0.906821	0.9508413	0.7564987	0.84046483	0.9811466	0.86132896	0.9129243	0.6325776	0.7010516	0.72101223	0.38970417	0.52296257	0.9300028	0.6536586	0.98856384	0.55971444	0.95575196	0.92153585	0.6997755	0.7240593	0.7245598	0.6942792	0.7940773	0.95807654	0.96929497	0.45900035	0.68199337	0.6539729	0.6522488	0.6195569	0.564874	0.7949458	0.97789955	0.9659009	0.4175877	0.484672	0.83858335	0.21874917	0.98387015	0.81414187	0.3128171	0.7108314	0.9815009	0.45768982	0.47163814	0.42519426	0.6202198	0.5440934	0.86915743	0.25224	0.581205	0.95493495	0.4505604	0.575935	0.44449925	0.6928876	0.79850376	0.6019964	0.47032678	0.49055982	0.5847236
loon_belasting/noun	0.6880237	0.9458486	0.4803359	0.87346286	0.9679675	0.6945541	0.7304086	0.79873747	0.7988478	0.6022174	0.9772588	0.8954758	0.6635641	0.61976594	0.44566792	0.5961658	0.551062	0.0	0.39315516	0.96037996	0.8653879	0.38565952	0.95497024	0.6447321	0.8061055	0.9015787	0.7359222	0.90162426	0.78121823	0.968459	0.7251486	0.3093505	0.8695085	0.97594327	0.36035788	0.62429726	0.4181851	0.6617662	0.6126856	0.7922936	0.6054132	0.6261005	0.7857821	0.9444481	0.84988916	0.92373264	0.7029598	0.89566934	0.89047575	0.4522956	0.75082	0.85900366	0.9025269	0.8425741	0.93391335	0.96258736	0.912339	0.938275	0.9001862	0.8904683	0.84308076	0.8916913	0.9173229	0.36864054	0.47833896	0.4937364	0.9967491	0.921486	0.7450746	0.51644546	0.58319074	0.42571062	0.96447194	0.94411004	0.6570455	0.88043535	0.8933302	0.7508511	0.8889968	0.58313525	0.53848875	0.72353077	0.68220055	0.4845453	0.99267817	0.5112828	0.9769042	0.7383618	0.9756175	0.9286396	0.88792247	0.7520682	0.72108495	0.7751348	0.7668656	0.94957507	0.93365484	0.36481887	0.5106463	0.8354001	0.77967113	0.8352573	0.6792917	0.88544494	0.97836864	0.93299174	0.53408	0.42184615	0.87640965	0.6143291	0.9513723	0.87949675	0.48497957	0.68162835	0.9635458	0.7636506	0.33045244	0.55073106	0.45989662	0.51523197	0.8609122	0.61945266	0.60374427	0.923595	0.7707994	0.4917153	0.4688273	0.7115085	0.91127336	0.6621181	0.6383139	0.683928	0.7481752
belasting_dienst/noun	0.78466314	0.9389451	0.45471263	0.90339655	0.8497024	0.6769589	0.8238862	0.7642476	0.6549523	0.67250776	0.9643713	0.85406727	0.72805	0.65515196	0.37663436	0.4513706	0.56824493	0.39315516	0.0	0.98292196	0.8559998	0.38370246	0.9148333	0.6618781	0.8015234	0.8137688	0.709571	0.8942574	0.80859435	0.98477966	0.7357948	0.36636823	0.7915934	0.9506197	0.3306589	0.66806734	0.49313015	0.7635083	0.5489844	0.7841381	0.5761112	0.5655328	0.7221006	0.88968307	0.79979765	0.95799387	0.35093117	0.8601088	0.8855433	0.45808113	0.7218613	0.8560812	0.8832409	0.8903117	0.922412	0.8566965	0.9660717	0.96019554	0.81395173	0.875343	0.86570865	0.9151522	0.6813668	0.44174027	0.4148152	0.4662583	0.91820574	0.8640442	0.6758638	0.56747216	0.589432	0.50848794	0.91274345	0.9672712	0.8612747	0.82886493	0.9654269	0.73981595	0.8599623	0.6221719	0.5870569	0.84009707	0.8139332	0.543483	0.9398428	0.5293618	0.9684396	0.7297979	0.9928463	0.887772	0.8995302	0.7837036	0.56294906	0.7530291	0.74713755	0.9838625	0.9742538	0.36843282	0.48511636	0.8240642	0.8170889	0.86086583	0.41734487	0.9651121	0.9238628	0.8957573	0.6051966	0.4857201	0.9260124	0.65864426	0.93398166	0.89851516	0.51525205	0.5373783	0.97804093	0.736722	0.19425231	0.5594005	0.5626831	0.4010275	0.8633087	0.62781	0.5603792	0.8858156	0.66422397	0.6591367	0.48583764	0.7248666	0.9160984	0.6745292	0.6268411	0.6855861	0.7304087
teatraal/adj	0.9574279	0.6304718	0.9469688	0.68985385	0.6671509	0.9687169	0.9807542	0.7539833	0.9405101	0.9501243	0.7650484	0.8214841	0.9655488	0.9487133	0.95335996	0.9847497	0.94980884	0.96037996	0.98292196	0.0	0.7390572	0.96212846	0.6703769	0.9767793	0.8355222	0.9647151	0.94192004	0.56571144	0.68717766	0.7775972	0.8754546	0.9493624	0.5543299	0.9446114	0.9524745	0.9285397	0.9543052	0.7902565	0.9551166	0.8705191	0.82618064	0.8790942	0.82760626	0.61727726	0.82102257	0.7849348	0.9322374	0.7373291	0.8777065	0.95921844	0.74237233	0.63190424	0.85520196	0.75464076	0.9455983	0.72423685	0.791658	0.9028702	0.6244231	0.80000466	0.96945983	0.8362981	0.98070675	0.98010707	0.96950054	0.96835077	0.9194925	0.7729101	0.9295994	0.9918809	0.8887578	0.97990555	0.9118044	0.9266433	0.9658742	0.91845906	0.77497005	0.9903368	0.6211076	0.9019416	0.98788136	0.8368066	0.8360245	0.97319454	0.6974122	0.97173387	0.76277137	0.95022917	0.8855591	0.81446457	0.9699801	0.8587557	0.96115005	0.935023	0.8038144	0.84773445	0.8612888	0.9619616	0.8667119	0.9242896	0.90672535	0.80929875	0.90248275	0.94259477	0.68370795	0.78849554	0.88627523	0.91451585	0.8567182	0.92908716	0.8041104	0.94162405	0.91954434	0.86528635	0.59492576	0.92878336	0.9815565	0.9735424	0.86597943	0.9548062	0.6597322	0.9472303	0.8993878	0.8043213	0.80405986	0.95481044	0.9737329	0.944595	0.62253916	0.9070224	0.9622511	0.9429117	0.7776517
nergens/adv	0.9716719	0.8040934	0.7089937	0.7676632	0.8549392	0.7689558	0.84136766	0.7953117	0.7530992	0.80989814	0.8639365	0.9249056	0.70419717	0.7613944	0.6646754	0.8712979	0.7565341	0.8653879	0.8559998	0.7390572	0.0	0.9018336	0.78637767	0.8814314	0.74667513	0.95923233	0.9032612	0.52853763	0.71785927	0.7709279	0.7367796	0.76972663	0.8502054	0.9899667	0.82303464	0.835078	0.7196506	0.6482575	0.8813533	0.77892375	0.7616559	0.7463973	0.70825493	0.7759274	0.90262127	0.8425107	0.7849858	0.7505721	0.94560736	0.71577764	0.79345727	0.8782679	0.6562219	0.84493685	0.9320088	0.8913548	0.951772	0.93393475	0.88923657	0.7879698	0.9133727	0.9453297	0.81909025	0.84297806	0.797406	0.75609994	0.9605941	0.80268884	0.7560018	0.794658	0.70998096	0.7693805	0.7219835	0.9193262	0.84182847	0.7503922	0.9460467	0.9917698	0.79073536	0.7583244	0.875993	0.656799	0.7201054	0.78951085	0.88761663	0.87238437	0.90102327	0.7511793	0.911785	0.90069085	0.86418784	0.83795416	0.8711769	0.88393676	0.79070354	0.92407334	0.8601945	0.7561781	0.9009331	0.74732137	0.76153314	0.71386635	0.82017326	0.9630766	0.8736892	0.8515429	0.8137372	0.7652261	0.9693379	0.771125	0.8226333	0.9449682	0.6765077	0.77096105	0.8798564	0.77592534	0.8334885	0.7587544	0.7165786	0.7206117	0.9243129	0.76740044	0.8328066	0.8488474	0.72178274	0.86025715	0.8550966	0.91548026	0.7787901	0.9322651	0.829899	0.77465606	0.6850579
verzekeraar/noun	0.715397	0.9398587	0.651546	0.9388671	0.90744007	0.67530876	0.69547844	0.83672607	0.7832634	0.6590789	0.9463837	0.92440945	0.8063954	0.6611742	0.61582005	0.43601716	0.67633575	0.38565952	0.38370246	0.96212846	0.9018336	0.0	0.918031	0.5807263	0.81768596	0.97668326	0.80167603	0.88008493	0.91136235	0.96769077	0.78299123	0.5016737	0.90563303	0.99117446	0.34029394	0.7369471	0.6166057	0.7713941	0.6515746	0.813311	0.69836724	0.6170633	0.76005006	0.9354393	0.82664865	0.93682516	0.61600244	0.89196754	0.8585037	0.54367167	0.7641315	0.9319125	0.92425835	0.82935554	0.8797333	0.9447494	0.9580179	0.96164584	0.9854122	0.91440153	0.91199434	0.8655126	0.8317074	0.41706735	0.61841494	0.54969156	0.98080724	0.90703946	0.7152921	0.8361737	0.57578385	0.6067966	0.9554809	0.9804593	0.91398126	0.8073835	0.87040687	0.72901124	0.85407436	0.68590367	0.54435074	0.8673228	0.7809652	0.5679464	0.95837307	0.62400335	0.95765096	0.89652884	0.9569454	0.92001045	0.9763205	0.67962027	0.70110303	0.85046536	0.7714076	0.9449061	0.9462858	0.46514785	0.5672033	0.8849945	0.73873556	0.8411098	0.65435195	0.8670478	0.96231866	0.9427619	0.6914213	0.7038175	0.90620166	0.742936	0.9766542	0.8676851	0.53782356	0.6979153	0.9583918	0.80223465	0.39553756	0.53341275	0.6135378	0.50071126	0.82997143	0.74568695	0.68491936	0.97120947	0.77502143	0.70030403	0.6174823	0.56990004	0.8614566	0.6704808	0.75371826	0.83364207	0.76513124
hand/noun	0.9312854	0.401331	0.95312446	0.6498728	0.46938205	0.87136286	0.87326765	0.8783978	0.7952306	0.8450387	0.8453341	0.44686157	0.94896555	0.9237896	0.94233316	0.91387093	0.95635945	0.95497024	0.9148333	0.6703769	0.78637767	0.918031	0.0	0.9801574	0.933589	0.9848282	0.964494	0.6016544	0.6438503	0.46185797	0.8270177	0.94603604	0.80868155	0.8731299	0.9470247	0.9708561	0.97416186	0.8784672	0.9687159	0.92559755	0.90633583	0.7914895	0.8984344	0.49437982	0.9563501	0.43845206	0.9348314	0.88441503	0.5785538	0.9277185	0.6874356	0.7362492	0.6230489	0.9843254	0.9661383	0.46604794	0.8390936	0.7247938	0.70760924	0.5208212	0.95815754	0.95970327	0.79074436	0.95708305	0.973504	0.9396394	0.6977551	0.71180224	0.76647377	0.97601557	0.87845737	0.9546537	0.88319194	0.73309934	0.9552074	0.77647424	0.6161229	0.9422324	0.5922921	0.7780608	0.7239175	0.8562369	0.8959984	0.95289576	0.71174324	0.9897435	0.49296445	0.80115277	0.6789987	0.33905035	0.80570024	0.66009176	0.8700281	0.9495483	0.41725087	0.6716194	0.7693133	0.9576234	0.9416501	0.90684587	0.9046314	0.9196648	0.88222915	0.8489936	0.24174392	0.4749136	0.89542335	0.9397476	0.88362825	0.9394187	0.42732644	0.94720566	0.8267256	0.6099309	0.4768014	0.978187	0.9545942	0.9649183	0.8830715	0.9286506	0.90200996	0.95596325	0.95026433	0.7122661	0.7271067	0.9592189	0.9294994	0.92908823	0.78596866	0.94284505	0.9686735	0.9513898	0.566237
ministerie/noun	0.9032717	0.9712204	0.75182873	0.9781129	0.9341762	0.8419297	0.76553655	0.86367756	0.8988079	0.8580907	0.97477096	0.85455906	0.70265865	0.8713791	0.7425813	0.54651713	0.7568124	0.6447321	0.6618781	0.9767793	0.8814314	0.5807263	0.9801574	0.0	0.9088993	0.9589559	0.7911749	0.91681117	0.9237319	0.9936078	0.87504244	0.6977682	0.93341875	0.96373475	0.66928715	0.8260953	0.7826467	0.8316818	0.76611406	0.71822894	0.8696317	0.8452568	0.8847622	0.9367858	0.77841526	0.9777536	0.66124725	0.9248332	0.90761703	0.6338265	0.783054	0.7839241	0.9625281	0.889858	0.94926673	0.97689056	0.89750946	0.97550166	0.99756426	0.9570737	0.91158146	0.9276985	0.88564306	0.7627455	0.8202725	0.75249696	0.9894231	0.91413486	0.86619174	0.9159613	0.73384714	0.81306267	0.9866198	0.9758746	0.9834623	0.75041455	0.9028324	0.5793947	0.88042635	0.7581618	0.5283799	0.89241636	0.7144077	0.8709843	0.99105144	0.86735654	0.9756347	0.9028249	0.97549295	0.9388666	0.9580321	0.94316846	0.72521615	0.7292768	0.92934203	0.9974858	0.99492735	0.7586546	0.82758915	0.9761017	0.89829874	0.9077201	0.68514985	0.9627702	0.9937869	0.96539456	0.8699373	0.789461	0.9548027	0.8120091	0.98348796	0.9857435	0.6037804	0.86233276	0.9719323	0.8432528	0.6011257	0.86682165	0.8276449	0.3738597	0.9189612	0.78843296	0.8835661	0.96505535	0.83198404	0.67853147	0.76047325	0.698229	0.9624989	0.77435786	0.8875897	0.895548	0.9092702
ook/adv	0.8296915	0.9514743	0.7036953	0.8179909	0.7854151	0.48468798	0.7856819	0.7017015	0.6641847	0.8282364	0.83742344	0.95546645	0.7967999	0.8212222	0.7123118	0.8345864	0.7862869	0.8061055	0.8015234	0.8355222	0.74667513	0.81768596	0.933589	0.9088993	0.0	0.9391732	0.7334574	0.88676333	0.82706517	0.947131	0.69847035	0.74934685	0.7545591	0.920964	0.8549675	0.7826314	0.74899685	0.64228386	0.81847525	0.8533493	0.6722792	0.62031376	0.6900102	0.91082174	0.9301168	0.92281276	0.7830621	0.8759193	0.8632494	0.75122523	0.74115336	0.9289235	0.8653451	0.93438303	0.78119516	0.9173983	0.9399784	0.9097422	0.8927573	0.6792623	0.9075251	0.8957068	0.7855746	0.8084205	0.7693939	0.70355606	0.95962214	0.9230467	0.5816169	0.82008255	0.66526985	0.77698207	0.50139713	0.9224989	0.8000011	0.9311432	0.8300066	0.9836223	0.7782427	0.83773834	0.82316035	0.5219649	0.77041435	0.8445543	0.84067994	0.8860632	0.8648351	0.8380919	0.91771597	0.9234377	0.86999905	0.9073233	0.8358765	0.8411633	0.78847945	0.86753	0.6108645	0.77708185	0.816706	0.8626797	0.82689935	0.7234893	0.8596158	0.98417974	0.94747084	0.7708657	0.7625027	0.79973084	0.9016113	0.8385621	0.7287535	0.87041456	0.75176406	0.689886	0.9397689	0.8487896	0.76615477	0.8179625	0.849584	0.8685454	0.8135053	0.74647486	0.76987374	0.76084214	0.8385136	0.81130266	0.81791216	0.83555114	0.7373167	0.87104076	0.831678	0.7762934	0.75285953
Lanaken/name	0.98658043	0.9500024	0.87936914	0.94326854	0.9626569	0.91278553	0.97099674	0.94279736	0.9390316	0.9008059	0.9374554	0.9878539	0.9254224	0.8135003	0.7297381	0.88718235	0.8250561	0.9015787	0.8137688	0.9647151	0.95923233	0.97668326	0.9848282	0.9589559	0.9391732	0.0	0.89262533	0.98824275	0.9266955	0.9694342	0.8799771	0.74204576	0.94875807	0.977293	0.84711134	0.86235267	0.7938312	0.8936771	0.83429337	0.87293833	0.8627973	0.94215757	0.90258217	0.9310449	0.997232	0.9958415	0.8608618	0.9627056	0.98350155	0.8363953	0.89257765	0.92634815	0.9724592	0.8601421	0.99593306	0.98141545	0.49308342	0.9277903	0.93941104	0.96535367	0.95829993	0.85602576	0.8767417	0.8425821	0.8617628	0.8629755	0.9908906	0.9848062	0.9486649	0.81057554	0.87353647	0.87143636	0.96927685	0.8984378	0.94451386	0.9757432	0.9873463	0.96424174	0.98389906	0.9182148	0.8931168	0.9533933	0.9365867	0.9139609	0.92188776	0.80662334	1.0	0.80027515	0.9821052	0.9816714	0.8265251	0.9670753	0.8521568	0.80226827	0.95749134	0.95408726	0.8005455	0.8827225	0.842273	0.88293433	0.91425586	0.91915274	0.9009449	0.98272496	0.98510116	0.97208786	0.8924217	0.8448504	0.70863974	0.835135	0.9677354	0.9834204	0.8513262	0.90641373	0.9672865	0.64254284	0.85450536	0.88546103	0.89224654	0.8896199	0.94533294	0.76656914	0.84648794	0.98465645	0.8816585	0.6708012	0.90553075	0.86343646	0.96549696	0.8704761	0.85470253	0.8101627	0.90441114
sanctie/noun	0.8429084	0.96519053	0.7345141	0.9173309	0.9662266	0.7117852	0.9081664	0.73548925	0.80876976	0.8195236	0.9594711	0.9491199	0.5858121	0.82889855	0.7654557	0.70499635	0.6398646	0.7359222	0.709571	0.94192004	0.9032612	0.80167603	0.964494	0.7911749	0.7334574	0.89262533	0.0	0.9060471	0.89082116	0.9441055	0.62125564	0.7490094	0.7991707	0.90315145	0.7976752	0.80295646	0.7510378	0.6960201	0.60721326	0.89783525	0.68134856	0.7344627	0.7908123	0.8052071	0.8656083	0.9689684	0.74709594	0.74110734	0.760721	0.7518577	0.82771295	0.9016824	0.840708	0.9281464	0.8730259	0.9708876	0.97136897	0.94853115	0.96415365	0.84773004	0.7795765	0.9180506	0.8552228	0.77895236	0.86370015	0.7130429	0.9947594	0.9712933	0.7174933	0.9053275	0.65368694	0.8528263	0.9023809	0.95977324	0.9050835	0.83868617	0.9709293	0.86922896	0.87431	0.8822464	0.68989295	0.7127217	0.49730802	0.92719996	0.91664237	0.80536133	0.96366346	0.91278785	0.97460705	0.88518584	0.8472749	0.96540475	0.70832825	0.8738408	0.95442283	0.91897583	0.9077618	0.83382773	0.78871226	0.82157046	0.8681566	0.88259304	0.76195294	0.9626149	0.99224484	0.88263094	0.7950958	0.79131794	0.93450254	0.65605915	0.9309027	0.9691831	0.734264	0.7530788	0.967514	0.746044	0.7576009	0.8785774	0.9072378	0.7919567	0.8810753	0.6141695	0.8697709	0.9383433	0.87447894	0.80954725	0.53314286	0.8122639	0.8160623	0.6870687	0.7964827	0.720402	0.71896344
