	steun/verb	spoor_op/verb	word/verb	dosis/noun	bevrijd/verb	alleen/adj	carrière/noun	mag/verb	geld/noun	dan/adv	ver/adj	aanpak/noun	vooruit/adj	Amerikaan/noun	wel/adv	ondersteun/verb	tracht/verb	strijd/noun	getroffen/adj	zeep/noun	toe/adv	weg/noun	professional/noun	vang_op/verb	maar/adv	probleem/noun	Republikeins/adj	trouwens/adv	werknemer/noun	ook/adv	op/adj	duizenden/noun	proces/noun	systeem/noun	weduwe/noun	boel/noun	zelfs/adv	begrijp/verb	vertaal/verb	lamentabele/adj	ouder/noun	passend/adj	kind/noun	sociaal/adj	weer/verb	ginds/adj	niets/noun	probeer/verb	zogezegd/adj	juist/adj	en/adv	er/noun	alleen/adv	bedwing/verb	baan/noun	fiets/noun	zal/verb	arm/adj	god/noun	lezer/noun	zo/adv	jongen/noun	maaltijd/noun	bouw/noun	goed/adj	mentaliteit/noun	financier/verb	snel/adj	designer/noun	opbouw/noun	zaak/noun	extra/adj	gedicht_DIM/noun	imago/noun	iemand/noun	veiligheid/noun	zet_op/verb	treed_in/verb	broer/noun	buur/noun	vaderland/noun	job/noun	vakantieganger/noun	gemeente_bestuur/noun	het/noun	red/verb	gang/noun	kan/verb	zadel/noun	niet/adv	moet/verb	vlot/adj	wijze/noun	man/noun	want/noun	straf/noun	alvast/adv	valk/noun	weer/adv	vrouw/noun	bovendien/adv	manier/noun	humanitair/adj	wil/noun	maatregel/noun	drugsverslaafd/adj	graag/adj	1-1_gelijkspel/noun	familie_lid/noun	ons/noun	gezondheidszorg/noun	verzet/noun	toch/adv	dus/adv	stap/noun	taal/noun	soms/adv	familie/noun	meer/adv	wereld/noun	overkill/noun	af/adv	meisje/noun	heb/verb	creativiteit/noun	gezond/adj	tijdelijk/adj	vader/noun	bruid/noun	nodig/adj	mens/noun	klant/noun	misschien/adv	specialist/noun	vooruit/adv	daar/noun	oog_arts/noun	huis_bezitter/noun	therapeut/noun	ander/adj	verblijfsvergunning/noun	werk/noun	wil/verb	kloof/noun	hier/adv	meen/verb	natuurlijk/adj	partner/noun	even/adj	organiseer/verb	vul_in/verb	gelukkig/adj	uitstekend/adj	tussenstap/noun	amateur_club/noun	persoon/noun	leer_aan/verb	zeker/adj	zoek/verb	allemaal/adv	overwinning/noun	slachtoffer/noun	club/noun	gestrand/adj	bouw_op/verb	boer/noun	zelf/adv	meneer/noun	taal_grens/noun	verstoot/verb	niks/noun	veel/adj	structureer/verb	om/adj	tekort/noun	jood/noun	bestuur_crisis/noun	onmiddellijk/adj	weg/adj	handjevol/noun	index/noun	droog_leg/verb	kom_voor/verb	chauffeur/noun	president/noun
steun/verb	0.0	0.8509037	0.88327134	0.92599803	0.7763746	0.8437772	0.9138688	0.88710296	0.87451804	0.94529027	0.90260166	0.802171	0.8511936	0.7029646	0.9340535	0.43807936	0.7500706	0.72594666	0.792022	0.9044113	0.9625493	0.9307968	0.8725378	0.8292661	0.9208259	0.87866324	0.68188906	0.85778564	0.8673334	0.84563625	0.9150456	0.81172204	0.8508119	0.8737526	0.88013595	0.93643373	0.85689044	0.8358337	0.8757893	0.9112068	0.87158185	0.8780423	0.91349995	0.79838246	0.777395	0.8886999	0.91994286	0.79404014	0.81840956	0.8834775	0.9526064	0.9229971	0.8332785	0.8315282	0.9285516	0.96477467	0.73658305	0.8158778	0.8716445	0.9074417	0.93444556	0.929282	0.92237264	0.88549113	0.9210106	0.87415606	0.6394526	0.93904626	0.9052682	0.8351668	0.903424	0.87831855	0.93744135	0.8267526	0.9251964	0.819348	0.7761968	0.8835307	0.89172065	0.8734809	0.7972963	0.90540326	0.88134044	0.7921996	0.92839533	0.860955	0.9139615	0.8991046	0.80128014	0.9078318	0.85958165	0.9443755	0.8860974	0.9270693	0.88333124	0.88482946	0.78575736	0.9402418	0.9440271	0.89478946	0.8564894	0.9194511	0.68448395	0.7879971	0.7679036	0.87878025	0.8985973	0.94888395	0.8241041	0.8814346	0.84699416	0.5549088	0.9333053	0.90839815	0.86621463	0.8810901	0.92591995	0.84666353	0.9409262	0.8676548	0.91944	0.961047	0.9209428	0.7473428	0.867762	0.8783633	0.84925187	0.8836502	0.8566961	0.8581589	0.91441417	0.9096692	0.9392183	0.845442	0.8805696	0.9174265	0.89747024	0.8885561	0.88328004	0.8536707	0.8489435	0.9217065	0.64501023	0.8755732	0.9288867	0.68018794	0.92044413	0.79377425	0.95436597	0.8204406	0.86479807	0.9167895	0.9114528	0.88459677	0.91860276	0.90407616	0.87993383	0.9161805	0.8418777	0.9360158	0.8492379	0.86558306	0.8807748	0.8753674	0.8769405	0.8230883	0.8280525	0.8341799	0.8658105	0.86624354	0.9439953	0.90524894	0.8457793	0.89561456	0.88087887	0.781945	0.84529316	0.8491755	0.89073765	0.79989636	0.92784464	0.7935242	0.88754964	0.9306505	0.6132606
spoor_op/verb	0.8509037	0.0	0.6828331	0.84348464	0.73693264	0.8027388	0.9254965	0.8634485	0.8352767	0.9066556	0.91112256	0.781495	0.89720726	0.83981466	0.918618	0.79074347	0.7373116	0.82319844	0.80737674	0.81984663	0.92474437	0.85173655	0.8563164	0.7462121	0.92864716	0.8392212	0.9041446	0.9072819	0.8810077	0.85689604	0.8354597	0.7345151	0.802406	0.79504526	0.87178075	0.880361	0.86578625	0.91142535	0.89936924	0.94252217	0.8337268	0.85925597	0.83033115	0.8734239	0.74022734	0.87816983	0.9120351	0.7278358	0.72714794	0.8345243	0.92913616	0.9244683	0.8478818	0.83180755	0.9113031	0.8233968	0.7793903	0.86378515	0.87134737	0.90106595	0.8773621	0.8455756	0.890604	0.8787102	0.9171487	0.9033252	0.8262413	0.8168565	0.88828677	0.8849926	0.8093623	0.85485405	0.9133603	0.89918846	0.83678204	0.8378048	0.80916166	0.9015901	0.87382555	0.84159684	0.8614696	0.89882106	0.83395666	0.8869749	0.9084763	0.8382791	0.9111639	0.75729704	0.873536	0.8874377	0.820228	0.91323876	0.8148291	0.783515	0.87085676	0.772497	0.9025252	0.9009671	0.91431755	0.8299696	0.78987837	0.8388131	0.8185518	0.8935604	0.8283926	0.7203518	0.9167445	0.9614893	0.723758	0.87847227	0.8585553	0.84530616	0.92747116	0.86904424	0.9171385	0.9024985	0.85749143	0.8502129	0.8912047	0.9037631	0.90904146	0.9242484	0.8437257	0.8193905	0.88243806	0.81907564	0.84056956	0.8506073	0.86310726	0.8471782	0.8359427	0.83095396	0.9137857	0.8171618	0.9110315	0.9325214	0.8488674	0.91269046	0.7833112	0.76935303	0.8068702	0.89463836	0.848643	0.9165213	0.89956987	0.86496556	0.8909445	0.8688595	0.9110273	0.9325023	0.82772595	0.907056	0.9126632	0.9022721	0.9285122	0.768022	0.8090043	0.92839885	0.7439604	0.91006994	0.9472709	0.67025644	0.93595207	0.7859702	0.8700845	0.8174995	0.8348823	0.9201761	0.92757136	0.86132866	0.94044155	0.8444543	0.88182473	0.90521973	0.86590266	0.8279896	0.92995775	0.7682279	0.89535046	0.8088775	0.9431825	0.8522562	0.76894283	0.7502594	0.91297513
word/verb	0.88327134	0.6828331	0.0	0.8176322	0.83347744	0.7554846	0.8568107	0.6779508	0.79359776	0.7972167	0.8108463	0.8123366	0.89480627	0.7712817	0.8450531	0.81657743	0.71581215	0.86478776	0.7956982	0.8287534	0.8552649	0.80945563	0.773855	0.8250919	0.8603282	0.80403376	0.8288851	0.8035156	0.7578329	0.76245224	0.89669245	0.7468692	0.7355715	0.685498	0.8171057	0.7656119	0.77920485	0.9142747	0.8583859	0.8855231	0.7815622	0.7666396	0.79423594	0.79225546	0.819561	0.8056609	0.8699677	0.7487614	0.7011074	0.7893461	0.8546375	0.8775379	0.8272835	0.860718	0.83132964	0.799325	0.56141293	0.8535936	0.82873696	0.8016274	0.79920053	0.78895694	0.7855793	0.8000867	0.8510217	0.8526881	0.8197419	0.7559273	0.8396776	0.8360331	0.7612555	0.7478417	0.89265954	0.8433776	0.7009384	0.8248299	0.8534379	0.7971851	0.85889536	0.80301666	0.8270447	0.8356993	0.7504159	0.66222715	0.8905224	0.89925534	0.86894846	0.59605193	0.8377204	0.784286	0.55638766	0.84896994	0.6863433	0.69669175	0.8446897	0.7605361	0.78828514	0.85672504	0.7883181	0.75743145	0.6321593	0.73375595	0.77118313	0.85100293	0.7176745	0.7494911	0.8531991	0.94231254	0.71660703	0.7554568	0.8157165	0.81415397	0.85145426	0.7807429	0.87783766	0.83908045	0.805754	0.8162637	0.8149728	0.86058384	0.8833849	0.8701337	0.7880292	0.78736496	0.8221145	0.83521247	0.6798521	0.830045	0.8202899	0.81962967	0.75483066	0.7407447	0.87188137	0.7564368	0.8906808	0.88696706	0.79809976	0.801997	0.7500628	0.81170774	0.74554825	0.7847264	0.6791908	0.8833732	0.83888483	0.89466536	0.8818582	0.81648755	0.83607936	0.8432769	0.81552374	0.8603229	0.87820816	0.84208333	0.8679354	0.6900027	0.8424946	0.8904894	0.88082683	0.87234664	0.89890313	0.7203814	0.85087514	0.7983433	0.8670591	0.74834967	0.71120197	0.88299847	0.8449036	0.8482263	0.8977107	0.8331662	0.83286214	0.82720435	0.7913435	0.78262174	0.85394454	0.6494107	0.90229446	0.801578	0.83124304	0.862692	0.8271976	0.6590694	0.8208363
dosis/noun	0.92599803	0.84348464	0.8176322	0.0	0.89841336	0.8014452	0.9117665	0.82794595	0.8342228	0.8499474	0.895898	0.8022872	0.8410793	0.90160364	0.82104874	0.8514285	0.8100573	0.8971334	0.878394	0.7859895	0.81919104	0.91859686	0.81641	0.8719348	0.8298129	0.8582299	0.92279685	0.8328323	0.842178	0.798086	0.887051	0.8475238	0.86443377	0.8569496	0.90688115	0.8500491	0.7731779	0.87018657	0.8257644	0.91602856	0.8672817	0.8301444	0.8356047	0.86376595	0.8512087	0.8244447	0.90930855	0.8345548	0.83163226	0.7744426	0.8461041	0.85556614	0.77672356	0.8376769	0.8821219	0.8777512	0.82177234	0.88012606	0.85802853	0.82723904	0.8525315	0.8512533	0.7594671	0.9355999	0.8366749	0.76334476	0.9142202	0.8610684	0.85893154	0.81775236	0.88852394	0.7807108	0.9021778	0.8419055	0.80578476	0.87819296	0.90607166	0.8415864	0.93527746	0.89439666	0.9052966	0.8517755	0.8266597	0.9334095	0.8415211	0.90547514	0.9210563	0.77174866	0.8589093	0.8436863	0.80935884	0.8680544	0.7827957	0.8535547	0.8209659	0.8152419	0.8424445	0.89251024	0.85655296	0.8341371	0.6631777	0.7679811	0.86586297	0.7741177	0.8410038	0.8131934	0.8846258	0.9541172	0.85727376	0.83023435	0.861044	0.900255	0.7837226	0.7580782	0.8852226	0.8383425	0.6816914	0.9056922	0.85584426	0.88396966	0.8753475	0.82047415	0.8795308	0.7935058	0.67707866	0.66000974	0.88468343	0.9186046	0.86832315	0.7131273	0.77211213	0.83532184	0.80685705	0.8326368	0.88221955	0.8679444	0.8702559	0.85739315	0.7757661	0.84904975	0.8724501	0.8828387	0.8816486	0.8767118	0.8639567	0.8911572	0.7688141	0.8848361	0.86365145	0.94865286	0.8390465	0.8262253	0.84757674	0.88145185	0.9104183	0.79588556	0.7846437	0.8449725	0.8796551	0.8497333	0.8816746	0.8430159	0.90343857	0.8787512	0.81678027	0.85983366	0.8625947	0.8973336	0.8789235	0.9154118	0.90524036	0.6663734	0.8434439	0.8412273	0.7963607	0.89746726	0.9304065	0.8947729	0.9426287	0.8498295	0.8657843	0.9417768	0.80204797	0.84943116	0.9728912
bevrijd/verb	0.7763746	0.73693264	0.83347744	0.89841336	0.0	0.8731651	0.9194928	0.88158226	0.9293172	0.9015628	0.928514	0.9003672	0.89148915	0.72873485	0.92785	0.85093343	0.7468543	0.82087004	0.77528155	0.8765358	0.90584135	0.8581966	0.89397913	0.79712987	0.90169954	0.9167868	0.85648966	0.91592354	0.9278308	0.9158092	0.87974304	0.7476158	0.86293167	0.9081733	0.84168565	0.8854227	0.8639853	0.8487793	0.8782593	0.90894634	0.85086304	0.8982371	0.8493181	0.89742947	0.80543816	0.85621905	0.91346246	0.7365613	0.7852197	0.8972837	0.91066617	0.9187044	0.8412035	0.75373757	0.9300721	0.8720592	0.8474082	0.7844515	0.7946753	0.9112826	0.9091171	0.8179594	0.90457237	0.9198481	0.9275415	0.87749815	0.8730395	0.86680204	0.9079532	0.87498415	0.9234784	0.90296924	0.90981853	0.8735868	0.8599274	0.86613405	0.87917256	0.85491216	0.8524131	0.7873328	0.7594082	0.9088928	0.8373405	0.90582013	0.92858076	0.69071317	0.8954253	0.86319864	0.8122902	0.92667806	0.87844306	0.90187544	0.8809801	0.7588389	0.871179	0.8580781	0.9018747	0.9171445	0.87933826	0.7648611	0.9076298	0.90796006	0.8147	0.8342261	0.91830045	0.86160487	0.8932891	0.9447646	0.74906164	0.8475096	0.9219825	0.7624753	0.9051293	0.90942025	0.9369922	0.88103133	0.85098165	0.8206476	0.9194709	0.8431479	0.9344388	0.9013602	0.7859567	0.8143759	0.9001388	0.87046444	0.87741405	0.8087707	0.82708395	0.898589	0.8642645	0.9181635	0.9018057	0.9025809	0.88193434	0.922547	0.8872845	0.9246212	0.85445	0.83851695	0.88444614	0.92660654	0.8898885	0.85926896	0.89540803	0.8928506	0.9088094	0.8942956	0.89149153	0.9015599	0.87968373	0.83552253	0.9235157	0.93563247	0.927077	0.8513459	0.8460225	0.91636825	0.857605	0.91461056	0.8727357	0.66056067	0.91741556	0.76292217	0.8702062	0.8419783	0.8870396	0.9063862	0.9102675	0.827397	0.92737556	0.8896814	0.89889526	0.8439927	0.91380537	0.7565052	0.9253437	0.81833214	0.81890166	0.7958932	0.94700456	0.8676113	0.8870665	0.73377454	0.81293625
alleen/adj	0.8437772	0.8027388	0.7554846	0.8014452	0.8731651	0.0	0.8798299	0.69409156	0.7843464	0.68259287	0.80528224	0.7964028	0.8766726	0.82093865	0.63403296	0.8017283	0.7917671	0.86732846	0.8515139	0.8162661	0.81136215	0.86938244	0.75186825	0.85901666	0.6656547	0.7629682	0.88767356	0.7013196	0.8206359	0.5999581	0.9122193	0.85311896	0.8530662	0.73967886	0.8794408	0.84008867	0.7337383	0.7731716	0.8183189	0.9036896	0.7675439	0.81409955	0.7674003	0.8096918	0.812462	0.77128536	0.7128729	0.8119516	0.72468376	0.732468	0.8318058	0.7576208	0.37046838	0.86074495	0.8733529	0.8455004	0.6750319	0.80286175	0.7643763	0.75682646	0.7264876	0.82377404	0.81485707	0.89170533	0.7398288	0.78825593	0.8592583	0.81567997	0.8420337	0.83614975	0.77572143	0.80887175	0.8631437	0.7931547	0.68350434	0.80726254	0.886989	0.8714746	0.9314938	0.855493	0.83999175	0.8272883	0.78669256	0.84335065	0.73379374	0.85604304	0.8802479	0.63122404	0.882	0.5624279	0.6697978	0.82767826	0.7708155	0.85996276	0.80571747	0.85216963	0.8174671	0.8766157	0.82509404	0.82636464	0.6105504	0.74093354	0.76193464	0.7876462	0.7680331	0.81572735	0.7069283	0.94238234	0.8262993	0.7091414	0.8002337	0.8671137	0.6859247	0.6188713	0.894124	0.79936063	0.6878985	0.8551432	0.62641555	0.80790114	0.8546664	0.80664945	0.8583911	0.750618	0.7867479	0.7510967	0.8198283	0.8820355	0.8375447	0.7739038	0.72264063	0.75795996	0.7335024	0.8185855	0.86660767	0.7157717	0.8150967	0.80919737	0.75822747	0.79466176	0.7974393	0.8351052	0.70387715	0.8713141	0.6865801	0.86398363	0.6630508	0.8234142	0.7996197	0.9469726	0.8225203	0.7555881	0.81483114	0.846086	0.87441504	0.8063098	0.77845556	0.7844068	0.8295464	0.70675397	0.90995085	0.8517479	0.8500192	0.8708255	0.8830894	0.80374134	0.69305277	0.8250411	0.85352135	0.85265446	0.7349646	0.67216134	0.842469	0.81309724	0.84777546	0.8369695	0.8829398	0.82534695	0.93944675	0.7490134	0.8880156	0.89157814	0.8187648	0.8733536	0.9187111
carrière/noun	0.9138688	0.9254965	0.8568107	0.9117665	0.9194928	0.8798299	0.0	0.876118	0.92672163	0.8895885	0.86969733	0.8531803	0.84408385	0.8759944	0.90930533	0.8580948	0.85217744	0.8245519	0.9342856	0.915367	0.927237	0.8840985	0.80724436	0.9287916	0.8867027	0.9231857	0.9093908	0.83970153	0.9185311	0.8790378	0.91651064	0.9265205	0.76952976	0.89139026	0.85635924	0.8985118	0.8602007	0.92767084	0.86104465	0.9352387	0.8845668	0.87420505	0.8875473	0.89271593	0.9057616	0.85328174	0.92579585	0.875192	0.87667894	0.9218901	0.95024735	0.9047424	0.87602276	0.8813689	0.88295513	0.9161453	0.8543969	0.9279671	0.9028849	0.8961502	0.869644	0.88823223	0.8966479	0.89574295	0.81918436	0.86437106	0.9165553	0.8777297	0.8226496	0.8221833	0.8778111	0.9385229	0.89416665	0.82127863	0.8854958	0.91845614	0.87355286	0.8405289	0.8702695	0.9175348	0.82409465	0.8293228	0.88190234	0.92832613	0.90802175	0.9024927	0.9060364	0.8712869	0.89714116	0.90510195	0.8915462	0.86913973	0.79787403	0.9048756	0.85096854	0.9209307	0.8369568	0.92942464	0.85507494	0.8744315	0.88405824	0.8611644	0.8898176	0.89457	0.92505705	0.9035663	0.87085116	0.92497927	0.9069097	0.9016645	0.9333608	0.8924822	0.84896874	0.8885317	0.8269313	0.8896773	0.86951774	0.8639706	0.8949592	0.8329296	0.92473763	0.9385292	0.90898347	0.81956244	0.8434138	0.9068258	0.91979396	0.8297646	0.8663688	0.94082516	0.90227544	0.9169875	0.8812117	0.91052705	0.8560001	0.91449136	0.9106665	0.9272893	0.86107266	0.9170999	0.8978751	0.7361442	0.8571041	0.8787307	0.8956505	0.9184578	0.8689953	0.86867875	0.8802009	0.9218848	0.90707284	0.8559687	0.78581786	0.904508	0.88304	0.92616874	0.88859785	0.8837188	0.8997158	0.86343676	0.8002245	0.9328847	0.8300792	0.9127521	0.80031556	0.9274374	0.8719476	0.9040375	0.91678405	0.89022696	0.9095615	0.8761574	0.8709152	0.8922791	0.95292044	0.9289168	0.91171795	0.9028895	0.8545754	0.86937594	0.8892932	0.9318199	0.9199316	0.9396684	0.9050342
mag/verb	0.88710296	0.8634485	0.6779508	0.82794595	0.88158226	0.69409156	0.876118	0.0	0.8078525	0.6057679	0.84703714	0.897452	0.8549021	0.84950984	0.72109586	0.8768937	0.83167195	0.8992147	0.8948615	0.8174577	0.7658452	0.865294	0.7914976	0.8569915	0.68386054	0.8673667	0.9068266	0.70565844	0.82996064	0.66616476	0.89135075	0.8236697	0.86874366	0.83138984	0.8972618	0.835626	0.74923575	0.76121354	0.8953241	0.90281814	0.79486537	0.82478464	0.8031894	0.8987399	0.80148685	0.75037223	0.8130448	0.81251144	0.7588297	0.83801085	0.7703534	0.74210906	0.70128536	0.8637716	0.87599605	0.81529284	0.5986854	0.8778512	0.7822011	0.8169216	0.8001077	0.8173238	0.79793537	0.9026695	0.804451	0.8218112	0.8637698	0.823135	0.8828786	0.8866593	0.8510735	0.8198885	0.85539675	0.8826027	0.6914991	0.8894175	0.9073143	0.86600155	0.91444075	0.8270247	0.80750495	0.8314476	0.79895425	0.82891476	0.8132047	0.8383795	0.8686202	0.5119643	0.87481076	0.6237786	0.60057366	0.86144793	0.8507447	0.8615425	0.79172605	0.8322367	0.7496785	0.870268	0.729508	0.85998476	0.72266793	0.8525083	0.85500944	0.8308155	0.8636945	0.8449771	0.6609396	0.89816296	0.8252549	0.72402525	0.88609004	0.9037731	0.65256166	0.6114551	0.89546174	0.87664926	0.7637194	0.8553022	0.7272345	0.8976295	0.8703	0.7459252	0.8489437	0.7367568	0.84806144	0.8091394	0.8151832	0.85630345	0.82851857	0.8030573	0.786406	0.79209745	0.7303753	0.872191	0.8214759	0.7329794	0.8574276	0.8632802	0.82615954	0.84887135	0.7945176	0.8651371	0.6158991	0.89303815	0.66819394	0.8853934	0.7224015	0.8699721	0.74050415	0.90398586	0.83737415	0.72085065	0.85053325	0.8982204	0.84699327	0.8233097	0.81831014	0.80508304	0.8789479	0.7631066	0.8543614	0.90103596	0.80245364	0.8666949	0.9033468	0.83025557	0.6664119	0.80160797	0.8728776	0.8489423	0.7614652	0.77499616	0.8670211	0.7825529	0.88665515	0.87183714	0.9155797	0.8042331	0.88040125	0.81845725	0.91241497	0.907384	0.86337394	0.8204337	0.9093375
geld/noun	0.87451804	0.8352767	0.79359776	0.8342228	0.9293172	0.7843464	0.92672163	0.8078525	0.0	0.7766297	0.8946655	0.888045	0.89270866	0.8779704	0.8434665	0.8233397	0.84833	0.9288481	0.8425425	0.8049631	0.8944823	0.8462528	0.8383835	0.8550008	0.8268745	0.837191	0.93367004	0.8261457	0.78644913	0.81078136	0.893507	0.81557184	0.9161739	0.85051465	0.9007613	0.8449057	0.84995544	0.88596034	0.92604786	0.9384344	0.8382769	0.8377229	0.83485585	0.8196052	0.85593486	0.8670232	0.81581485	0.8128241	0.76282185	0.85188746	0.91080123	0.8003305	0.8034675	0.9121784	0.7921988	0.7813259	0.7533066	0.8180932	0.89145815	0.8644887	0.86619604	0.8828223	0.81196547	0.83738923	0.8527697	0.89682	0.6704401	0.8441508	0.9061548	0.8997151	0.8639345	0.63807714	0.89655906	0.8544388	0.80855614	0.81398684	0.87672013	0.90749526	0.9524369	0.8628428	0.8964089	0.8016196	0.802716	0.79324794	0.8834273	0.90716195	0.9223927	0.7458727	0.88544536	0.8080127	0.7293317	0.88897634	0.88178366	0.8745283	0.8705219	0.84711856	0.81012297	0.8942706	0.84092784	0.88149047	0.6861266	0.86435455	0.8422932	0.85271853	0.8029164	0.8483519	0.8136214	0.92730737	0.85328007	0.8283226	0.75328827	0.92490196	0.8247793	0.72895753	0.8993846	0.8925382	0.863989	0.8713693	0.79284286	0.8975948	0.91102695	0.89688414	0.9031045	0.7778379	0.79674816	0.8362722	0.8399588	0.9358119	0.87828946	0.7246404	0.78799474	0.66904086	0.8500445	0.87302315	0.87454355	0.7977796	0.89280033	0.7856568	0.86789453	0.85531586	0.80694497	0.8204307	0.75067735	0.9227177	0.83604753	0.9042475	0.842749	0.83425623	0.8684468	0.9328291	0.8509492	0.86337656	0.9176098	0.89605933	0.8946962	0.86122525	0.8835144	0.8859327	0.8430331	0.8336462	0.9072736	0.8522199	0.88096255	0.8641221	0.87179273	0.78827673	0.77391946	0.89675105	0.88570434	0.9187825	0.83411753	0.7640595	0.87274563	0.8486373	0.82225215	0.8826055	0.92215943	0.82651776	0.9378845	0.849725	0.9092106	0.9108343	0.89686537	0.8513652	0.95535135
dan/adv	0.94529027	0.9066556	0.7972167	0.8499474	0.9015628	0.68259287	0.8895885	0.6057679	0.7766297	0.0	0.7867417	0.88886356	0.8198855	0.88073826	0.51017857	0.9440583	0.84242165	0.9345779	0.92083204	0.8155863	0.62868106	0.8434295	0.82422245	0.8869558	0.53015935	0.84668255	0.9282221	0.6373116	0.8929475	0.59315205	0.88751745	0.88564384	0.87793857	0.852831	0.93614334	0.69920313	0.7002821	0.6376861	0.87732255	0.927454	0.81043684	0.85106087	0.8235292	0.9335344	0.86656654	0.72129387	0.6859837	0.7674845	0.78574467	0.790804	0.69501776	0.6112172	0.7068364	0.8376326	0.87060535	0.7812665	0.5684025	0.8881988	0.74991107	0.7630676	0.6219796	0.76390904	0.83444655	0.93707997	0.7239808	0.8139685	0.942249	0.71207833	0.87937224	0.89999235	0.8340716	0.8747407	0.83947563	0.8709178	0.5379234	0.9361573	0.91644347	0.8207904	0.93880016	0.81807184	0.8648735	0.8320621	0.81339294	0.8886962	0.6844717	0.8616145	0.83275497	0.56092477	0.8117974	0.5211723	0.5898577	0.8289418	0.8699119	0.8549604	0.7613907	0.8788235	0.7828851	0.873474	0.5402019	0.8661314	0.73995006	0.8123746	0.9036849	0.8474617	0.8526651	0.8919421	0.6836245	0.908211	0.8800409	0.68885654	0.91924095	0.92089206	0.40093523	0.41190034	0.8319391	0.87149334	0.55919945	0.9035276	0.68263364	0.86349845	0.8694624	0.61433613	0.8583995	0.7548646	0.84738684	0.80053574	0.86493415	0.8710965	0.8500738	0.8441383	0.73157716	0.7991677	0.4803385	0.8984285	0.7607739	0.57963645	0.8724731	0.8523202	0.81397617	0.8480913	0.85160714	0.8690102	0.66618204	0.8908124	0.5574724	0.89147663	0.5132113	0.8821115	0.542644	0.9660844	0.8296175	0.6039834	0.8773936	0.86276406	0.8711581	0.9211376	0.82803845	0.75658333	0.8736896	0.53414905	0.88779384	0.93483955	0.8863156	0.8771545	0.8906318	0.85398495	0.703354	0.68854284	0.85147876	0.84422976	0.600022	0.7222339	0.8910252	0.6708964	0.9040174	0.9073622	0.9138297	0.7633477	0.9031252	0.8558705	0.8941192	0.9156746	0.8808199	0.84179187	0.95612586
ver/adj	0.90260166	0.91112256	0.8108463	0.895898	0.928514	0.80528224	0.86969733	0.84703714	0.8946655	0.7867417	0.0	0.88689566	0.81469643	0.9096338	0.8566647	0.8416188	0.82055163	0.91318494	0.8695116	0.8996929	0.8793037	0.83152014	0.8733078	0.89841294	0.80213296	0.87813884	0.92584693	0.85254854	0.8739436	0.8247628	0.8642742	0.8866209	0.868396	0.84825534	0.928572	0.86588216	0.7820273	0.8998338	0.89587724	0.9088084	0.8905949	0.8530371	0.89257056	0.8104022	0.8846421	0.8196867	0.8702346	0.8388798	0.8605468	0.81743443	0.8749101	0.83420426	0.8161805	0.8835488	0.86972505	0.8321392	0.74529076	0.847149	0.93184745	0.87714505	0.85843533	0.8950591	0.90730274	0.8713978	0.80770785	0.9134191	0.8894896	0.6778532	0.90206933	0.8490888	0.84454244	0.8650365	0.9290214	0.87399274	0.84852093	0.85956824	0.8954599	0.8537734	0.9429295	0.8925716	0.880523	0.8786949	0.8029313	0.83380693	0.90730923	0.8981104	0.86337566	0.7706474	0.8597581	0.8251308	0.74799085	0.7857194	0.89609617	0.9121671	0.8894219	0.91063994	0.8263631	0.923137	0.74553055	0.91321844	0.74926275	0.87476575	0.87006825	0.8757686	0.8168606	0.8870074	0.8088253	0.927458	0.89646375	0.82798797	0.8440956	0.8934708	0.80615854	0.77825844	0.7294619	0.92050505	0.83010244	0.906624	0.81160796	0.88897145	0.914347	0.8836048	0.9261989	0.8497439	0.84714365	0.868085	0.835577	0.92866975	0.8888258	0.8534946	0.87115014	0.886904	0.8481573	0.87159586	0.74682295	0.8404441	0.8689649	0.8447504	0.86278516	0.8768945	0.8951521	0.89798266	0.745067	0.85089254	0.82624894	0.9142109	0.8651833	0.8598948	0.78420925	0.95315266	0.8832664	0.846787	0.8815778	0.84806514	0.8984991	0.91959256	0.8872472	0.86959493	0.88461715	0.85518074	0.91498953	0.91644514	0.88808024	0.8406534	0.8829645	0.87618047	0.83361316	0.9041721	0.84980035	0.9184121	0.8910815	0.83305204	0.86790526	0.8523991	0.8729303	0.9251476	0.8946689	0.8254068	0.8442371	0.8699209	0.8107236	0.91805506	0.8994508	0.8786756	0.93042624
aanpak/noun	0.802171	0.781495	0.8123366	0.8022872	0.9003672	0.7964028	0.8531803	0.897452	0.888045	0.88886356	0.88689566	0.0	0.8564671	0.85707426	0.8027585	0.7274809	0.82521963	0.75571704	0.89161104	0.87703574	0.915997	0.88963693	0.8116573	0.84478366	0.8867989	0.7313098	0.86945546	0.8101124	0.86264527	0.75874025	0.9016722	0.9125194	0.78439605	0.62170625	0.9415363	0.9047351	0.84677196	0.88843584	0.82107425	0.8990713	0.8451395	0.8061109	0.87504095	0.70967835	0.80098146	0.87182534	0.87101465	0.8386135	0.78708166	0.77760255	0.9291697	0.86086017	0.81759876	0.85183126	0.899384	0.94189215	0.7792207	0.8931341	0.89982057	0.83320975	0.7922993	0.87308997	0.8798911	0.8341179	0.8605251	0.6848686	0.8251331	0.84657425	0.8316575	0.67190385	0.78591293	0.84101117	0.91913897	0.7363173	0.8771297	0.7615044	0.765165	0.8526916	0.9588522	0.91053545	0.8935342	0.8432528	0.8387334	0.83502734	0.8706106	0.95920414	0.88191706	0.8228992	0.85394794	0.8336297	0.781291	0.87615126	0.65446514	0.9163463	0.8539974	0.78135514	0.7936715	0.9530848	0.91509056	0.9012449	0.6875623	0.6561143	0.7573749	0.81135386	0.5653517	0.78686446	0.8978563	0.95726806	0.9118753	0.8630682	0.7215731	0.772306	0.8311757	0.7771826	0.8072208	0.7713645	0.75836706	0.92375183	0.89891905	0.8624253	0.9018126	0.91741806	0.92230046	0.8178743	0.72708344	0.79748887	0.8717694	0.9330414	0.88574994	0.7958744	0.8471412	0.84735626	0.8285854	0.7988884	0.8870469	0.8105471	0.8745274	0.8921161	0.7933117	0.83669317	0.8637722	0.80395937	0.81702423	0.8979976	0.8876282	0.8375151	0.8394169	0.78672606	0.8892356	0.9036459	0.83616865	0.91012865	0.8422229	0.8632882	0.8891899	0.84222734	0.76557684	0.8915061	0.8246434	0.8582848	0.89087933	0.85741246	0.88759863	0.91475093	0.8179432	0.8631045	0.86624897	0.9012603	0.8860491	0.9261841	0.89828336	0.74410474	0.79575	0.8738828	0.83000416	0.8780085	0.8902874	0.86081314	0.9364668	0.8552662	0.89553297	0.87812614	0.82449186	0.89265984	0.85466886
vooruit/adj	0.8511936	0.89720726	0.89480627	0.8410793	0.89148915	0.8766726	0.84408385	0.8549021	0.89270866	0.8198855	0.81469643	0.8564671	0.0	0.89277506	0.83013684	0.8387239	0.836623	0.8992808	0.9017639	0.8407862	0.8425076	0.87939763	0.8429761	0.88922966	0.83839226	0.8521094	0.90761834	0.81865835	0.89862955	0.8046028	0.87487537	0.8920605	0.8945677	0.87146497	0.8982183	0.8320227	0.8185546	0.8700484	0.8656224	0.88606477	0.90488154	0.87531364	0.87759393	0.8703381	0.85419047	0.8035124	0.8742193	0.85474735	0.81470406	0.8514838	0.8278081	0.8404945	0.8452264	0.8495669	0.9045648	0.87417126	0.82784873	0.8576984	0.87695026	0.856781	0.8628644	0.84756184	0.8983417	0.91705704	0.82647914	0.83969533	0.89309895	0.8412386	0.84360266	0.82103574	0.88498235	0.87478375	0.8917234	0.85715497	0.8431306	0.89343655	0.8641877	0.8569492	0.84142387	0.86646664	0.86413735	0.8762069	0.86265165	0.90519893	0.84711033	0.88644373	0.87396276	0.8364901	0.81951046	0.8334158	0.83510196	0.84506243	0.89014786	0.88637143	0.8270221	0.9062923	0.8030075	0.897259	0.8137422	0.8756839	0.8285566	0.89195347	0.8949699	0.89262784	0.88709486	0.89259297	0.84994066	0.9160994	0.9095675	0.82946074	0.873408	0.9076727	0.8093814	0.78045654	0.72236985	0.89048225	0.82724005	0.90803087	0.8642608	0.8634586	0.91591245	0.8496645	0.89070195	0.84006304	0.8375943	0.84323835	0.8915481	0.8691444	0.87762433	0.8585435	0.87721634	0.8792819	0.81578755	0.8443045	0.48463738	0.8545253	0.9244476	0.89013606	0.8642276	0.84338665	0.9042759	0.86962616	0.83905375	0.84424424	0.8383657	0.81944907	0.8276744	0.8770643	0.82527983	0.9157097	0.8685703	0.8509244	0.83490545	0.8569758	0.86253464	0.9142189	0.8331667	0.86439216	0.8826066	0.8363481	0.82820356	0.9222572	0.86156034	0.8797975	0.827649	0.8982565	0.87174946	0.8397831	0.8610764	0.9084565	0.8470864	0.81781995	0.89343077	0.81716144	0.8961114	0.89729697	0.9060839	0.8960227	0.84106535	0.8649844	0.86013216	0.91281235	0.8781618	0.87709403	0.9249129
Amerikaan/noun	0.7029646	0.83981466	0.7712817	0.90160364	0.72873485	0.82093865	0.8759944	0.84950984	0.8779704	0.88073826	0.9096338	0.85707426	0.89277506	0.0	0.8591763	0.8342842	0.79493624	0.73193544	0.83181626	0.9108154	0.9123707	0.9213931	0.81077456	0.9201036	0.87082756	0.91000986	0.63625467	0.84790397	0.84719306	0.83121234	0.9230396	0.71189725	0.85098034	0.8898485	0.7859939	0.88416886	0.80402243	0.8611338	0.893661	0.92537594	0.78138286	0.9033788	0.80322725	0.9182822	0.86945975	0.8382368	0.87465775	0.8196577	0.80622035	0.88255113	0.9122535	0.8424134	0.84279406	0.8105347	0.8886825	0.9314969	0.7441534	0.7761784	0.80599076	0.79562503	0.8403836	0.77144396	0.8984653	0.92089224	0.88715243	0.84225416	0.8572556	0.86650205	0.8404108	0.88051444	0.9044274	0.8961312	0.92647564	0.87920773	0.775089	0.8693116	0.91373795	0.8712489	0.7572516	0.82957584	0.7421846	0.8888868	0.7723531	0.8715201	0.894764	0.88886344	0.91951513	0.84971225	0.82387304	0.8284348	0.84010243	0.91270816	0.8398266	0.7376532	0.8265653	0.8945168	0.84711415	0.8999357	0.8943144	0.7280773	0.8160283	0.87730706	0.74973166	0.83105814	0.88191116	0.8508446	0.84301	0.9360692	0.747211	0.79187125	0.8980569	0.6810416	0.8358682	0.87417597	0.9253174	0.8476318	0.8568852	0.7937274	0.87855357	0.81928414	0.9086682	0.91462356	0.79877794	0.7590355	0.89045256	0.890731	0.88549745	0.75184536	0.83294415	0.88330376	0.6965043	0.8386699	0.8746338	0.8368885	0.8979812	0.8430807	0.88351566	0.8464811	0.8327586	0.8461553	0.84387386	0.91876453	0.82623976	0.880413	0.8641532	0.84617823	0.87661266	0.82549	0.8942345	0.95366836	0.9296533	0.88334864	0.88965636	0.9273408	0.8836091	0.80597025	0.9098751	0.8633629	0.9097315	0.88302535	0.8097038	0.767042	0.87350094	0.8143526	0.91393876	0.7370144	0.8217932	0.8440425	0.88093877	0.87618726	0.8992755	0.8377662	0.91680145	0.87274814	0.91835785	0.64444447	0.9136427	0.82082254	0.85662055	0.7666248	0.895391	0.8800528	0.87933695	0.82348555	0.6611047
wel/adv	0.9340535	0.918618	0.8450531	0.82104874	0.92785	0.63403296	0.90930533	0.72109586	0.8434665	0.51017857	0.8566647	0.8027585	0.83013684	0.8591763	0.0	0.9076117	0.8498549	0.9487307	0.928379	0.871959	0.6982981	0.9184281	0.8189615	0.8935603	0.571007	0.829629	0.9343227	0.5529016	0.9160905	0.4712733	0.8774837	0.93350065	0.901536	0.8296055	0.9459731	0.755042	0.66305923	0.6843839	0.87053865	0.903124	0.8259715	0.853678	0.85988456	0.91228354	0.8889551	0.7532512	0.6845428	0.7847012	0.8047766	0.7504321	0.73253465	0.6071764	0.68372667	0.8756096	0.91287625	0.8780585	0.6600627	0.919145	0.8053869	0.7241577	0.6231289	0.78218853	0.8776531	0.93725675	0.67887396	0.7582018	0.94125265	0.7883979	0.8874437	0.8596045	0.8324512	0.8569864	0.85894704	0.8352309	0.5975288	0.91532254	0.9042062	0.86727655	0.9582144	0.8570049	0.9079405	0.83606565	0.84093857	0.87544954	0.56845856	0.8997845	0.9004705	0.6474982	0.87339413	0.47890973	0.6439147	0.83583564	0.8209148	0.88866746	0.7859314	0.9072253	0.7292192	0.8927994	0.6904428	0.89528114	0.67087126	0.747033	0.8980344	0.82069856	0.8395345	0.89412653	0.6673094	0.9265659	0.9097276	0.71467984	0.92461556	0.92534906	0.35992974	0.537879	0.8635459	0.8468197	0.5589519	0.9276095	0.7238863	0.8715297	0.87569225	0.67246145	0.8883166	0.7083994	0.8107858	0.7822464	0.9193349	0.91467285	0.8848068	0.80833864	0.7122314	0.82738304	0.43795413	0.8976972	0.8345565	0.5765893	0.88827837	0.8585026	0.81668687	0.83141196	0.88231623	0.86731386	0.75392073	0.90116113	0.6261928	0.8544638	0.5319405	0.88991624	0.64511156	0.95397145	0.83459574	0.6562169	0.8412422	0.8645048	0.88448775	0.90345657	0.83122003	0.71090925	0.8602455	0.5128788	0.90760595	0.93428946	0.87589663	0.91075516	0.8737505	0.89422864	0.70763326	0.74805367	0.87011516	0.88329625	0.6319163	0.6595514	0.8598728	0.72348386	0.92031324	0.9180775	0.9226785	0.84499156	0.92723995	0.87378347	0.92429405	0.9270946	0.858202	0.8928457	0.9568171
ondersteun/verb	0.43807936	0.79074347	0.81657743	0.8514285	0.85093343	0.8017283	0.8580948	0.8768937	0.8233397	0.9440583	0.8416188	0.7274809	0.8387239	0.8342842	0.9076117	0.0	0.7370097	0.8233594	0.7770398	0.86027765	0.92408556	0.89473474	0.77121145	0.7172425	0.9070115	0.7924644	0.82917523	0.8434424	0.7880409	0.7675106	0.8815394	0.82449305	0.8125887	0.76680374	0.8887104	0.9155463	0.86553437	0.87033844	0.7388625	0.89559364	0.79341525	0.76271147	0.84563553	0.65617025	0.75999326	0.8651854	0.92150104	0.8072089	0.7995702	0.79324985	0.92446536	0.9386296	0.8007703	0.8525266	0.8712502	0.918143	0.74068356	0.81413805	0.8908884	0.85229194	0.90281415	0.91868395	0.8700979	0.8148896	0.8514365	0.8464124	0.5554836	0.88191473	0.8512686	0.7215114	0.8352318	0.76898044	0.9123275	0.7939461	0.90232444	0.75729597	0.6334043	0.8566919	0.91394365	0.887885	0.8440147	0.8372962	0.8388733	0.7359077	0.9231337	0.8612418	0.89131844	0.821622	0.85809577	0.9150708	0.7875616	0.8717751	0.8027782	0.926938	0.8516277	0.8780672	0.7741664	0.93490344	0.93201506	0.8906791	0.73430514	0.82962644	0.6841876	0.82519174	0.7167959	0.8118659	0.8833604	0.96029925	0.80717623	0.8878294	0.7108557	0.7670342	0.9184837	0.8660143	0.82669556	0.81300807	0.8655448	0.86028314	0.91826457	0.853304	0.90135324	0.92616135	0.9090369	0.8099138	0.75155115	0.78918123	0.79959726	0.89514685	0.871214	0.75039464	0.8602536	0.81329846	0.9139278	0.74091995	0.84107244	0.9136487	0.86324364	0.83819586	0.77123094	0.76804376	0.83690715	0.82380927	0.72122717	0.85145444	0.9233024	0.80616003	0.8697828	0.7638438	0.9475326	0.74750316	0.7475984	0.9226984	0.81903476	0.84368354	0.8702567	0.83237857	0.7375754	0.91095495	0.75991786	0.91586	0.90418637	0.8573762	0.84022874	0.86438566	0.7570512	0.8106143	0.8035907	0.90377104	0.84935033	0.8744714	0.9451658	0.8572163	0.71548593	0.8919109	0.78056765	0.87008905	0.87886924	0.8602898	0.8840406	0.8095223	0.8780943	0.82699424	0.8543431	0.91247094	0.831684
tracht/verb	0.7500706	0.7373116	0.71581215	0.8100573	0.7468543	0.7917671	0.85217744	0.83167195	0.84833	0.84242165	0.82055163	0.82521963	0.836623	0.79493624	0.8498549	0.7370097	0.0	0.8099899	0.8314451	0.83472407	0.8483173	0.85011744	0.80989546	0.79333204	0.83829963	0.8205445	0.7966156	0.828611	0.86286813	0.8122808	0.84319246	0.76448596	0.7920605	0.78995454	0.8406116	0.77789176	0.7984875	0.8267631	0.82553184	0.8635512	0.8339677	0.81709564	0.8413254	0.7719451	0.78377986	0.7735611	0.8576596	0.26468515	0.71363974	0.77132124	0.8564898	0.86054933	0.78834796	0.78841996	0.88845277	0.84682477	0.7231922	0.84194905	0.7872289	0.81351733	0.83134925	0.84721243	0.884809	0.8968493	0.79650104	0.8009688	0.8236721	0.7441663	0.8533435	0.8020828	0.81377363	0.8534077	0.8772379	0.78340113	0.80837125	0.8104013	0.7997875	0.8388407	0.86734235	0.78039426	0.7941276	0.8488672	0.8057591	0.8171128	0.88852715	0.75424635	0.8548379	0.6246334	0.8048714	0.80277836	0.6815923	0.767618	0.71145606	0.79837525	0.8467945	0.86130273	0.79494894	0.88435	0.78457534	0.8168034	0.74496055	0.7010248	0.7711714	0.7399402	0.80335236	0.8261198	0.824656	0.8670844	0.7696791	0.742154	0.8430185	0.7823027	0.80660933	0.8171594	0.861915	0.79300094	0.79733086	0.8219197	0.83565784	0.8069718	0.87257946	0.857221	0.8385721	0.7272041	0.7316208	0.8111405	0.83587927	0.84526956	0.83785695	0.8342237	0.8014601	0.8155499	0.8316288	0.8412565	0.803471	0.8828121	0.8769356	0.86728406	0.7915871	0.80024654	0.86157376	0.8481213	0.64534795	0.7907891	0.84946233	0.79533243	0.83795565	0.83060265	0.81907237	0.8704108	0.80633366	0.7897181	0.79308516	0.8713528	0.86633074	0.8423107	0.77985704	0.870266	0.74622273	0.85189474	0.8329481	0.773023	0.82235384	0.8003151	0.7975965	0.81096286	0.7919692	0.87077355	0.8485906	0.853192	0.86994094	0.8091749	0.79685783	0.8401215	0.83415085	0.7968539	0.897073	0.7735983	0.8734338	0.76886123	0.88654083	0.87174475	0.8395786	0.8064208	0.8247941
strijd/noun	0.72594666	0.82319844	0.86478776	0.8971334	0.82087004	0.86732846	0.8245519	0.8992147	0.9288481	0.9345779	0.91318494	0.75571704	0.8992808	0.73193544	0.9487307	0.8233594	0.8099899	0.0	0.8584185	0.8956027	0.9341496	0.891994	0.87736714	0.91049254	0.93925875	0.86649036	0.7973167	0.92401135	0.9141967	0.9045393	0.920826	0.82929945	0.75267446	0.86651415	0.9166265	0.94808656	0.8685477	0.93972707	0.9164692	0.9193362	0.9201084	0.91743004	0.91728455	0.84912175	0.84990275	0.87866473	0.9382797	0.8501047	0.80931175	0.9077138	0.91880375	0.9323488	0.87661976	0.79078114	0.9045595	0.9537288	0.8017014	0.8777847	0.86845046	0.9406	0.91474175	0.90862155	0.93263227	0.89674824	0.93332064	0.8960552	0.84987557	0.9094536	0.9209956	0.8228819	0.852698	0.8984917	0.96556854	0.8654114	0.9247538	0.84692883	0.88724804	0.86814487	0.935698	0.90534586	0.7857026	0.8964384	0.910978	0.9299272	0.95326847	0.92157704	0.9038306	0.8920156	0.8377131	0.9208222	0.87825805	0.91114837	0.8417339	0.89546496	0.90456903	0.8919504	0.87685996	0.94249916	0.9085299	0.8867781	0.8690058	0.89951295	0.75448895	0.7993533	0.85364926	0.879606	0.92339766	0.9302301	0.87539476	0.8889892	0.88567907	0.6032268	0.914273	0.88756	0.8543015	0.8894002	0.8746743	0.8974599	0.93134874	0.8335325	0.94018906	0.92861944	0.928119	0.8432836	0.87396693	0.9075774	0.89157844	0.92567885	0.914325	0.8949284	0.89172757	0.9397653	0.9358592	0.88897675	0.8976045	0.9303522	0.9427859	0.9313379	0.91157556	0.8964776	0.9013846	0.88842386	0.87508273	0.87812555	0.92838496	0.9014926	0.91050583	0.8758536	0.9195817	0.93576586	0.94574356	0.9437615	0.9245852	0.9057648	0.904143	0.90398884	0.91824716	0.8400845	0.8843243	0.9295882	0.8031938	0.8406859	0.8827717	0.8899797	0.8890634	0.86906767	0.9215102	0.94381416	0.9022265	0.92793244	0.95120895	0.8978547	0.9124817	0.8924706	0.92201895	0.81917834	0.9055576	0.89136666	0.8191291	0.8120353	0.9180667	0.88155	0.87632155	0.9273653	0.78951186
getroffen/adj	0.792022	0.80737674	0.7956982	0.878394	0.77528155	0.8515139	0.9342856	0.8948615	0.8425425	0.92083204	0.8695116	0.89161104	0.9017639	0.83181626	0.928379	0.7770398	0.8314451	0.8584185	0.0	0.8767781	0.90915304	0.84712553	0.86698896	0.7267712	0.93020576	0.85253304	0.8686795	0.9052733	0.7917054	0.8560411	0.8900516	0.6666623	0.88182265	0.8948676	0.8253748	0.91042495	0.8695766	0.94224113	0.9168259	0.8864398	0.80373394	0.85963863	0.80945975	0.7895383	0.7950479	0.86434484	0.9406965	0.84322166	0.7985499	0.9030803	0.90778923	0.92389405	0.86199623	0.8021995	0.82258487	0.86865896	0.81207293	0.6331439	0.9027494	0.91306	0.93205774	0.8909982	0.8651655	0.7902514	0.917015	0.89831257	0.7911539	0.87860763	0.8876866	0.8743533	0.9061221	0.79281163	0.9265645	0.85694873	0.8978993	0.81625164	0.8292278	0.87125486	0.8857912	0.73712504	0.82161343	0.8364193	0.7309141	0.7874931	0.9450527	0.8289534	0.89139706	0.85958743	0.8901337	0.92518026	0.84348464	0.9190522	0.88671553	0.8590028	0.880492	0.88944453	0.8710176	0.87528616	0.90538603	0.8417828	0.7949215	0.9004728	0.7488389	0.9180426	0.81777453	0.779564	0.9095293	0.9537033	0.6962056	0.8585451	0.8067037	0.8182412	0.93244904	0.9144986	0.93393075	0.91455317	0.87507844	0.73919153	0.9133023	0.85872126	0.9333731	0.9016843	0.87598825	0.8370899	0.8939636	0.87306327	0.74112	0.8791123	0.8281524	0.87406737	0.8045504	0.8037797	0.93647987	0.83393747	0.92060584	0.9295774	0.8655467	0.83580977	0.84779584	0.76875174	0.85635674	0.8878521	0.8309813	0.9028115	0.8543284	0.9035236	0.9111306	0.8566897	0.91614676	0.89362967	0.8744488	0.8625492	0.9148655	0.893556	0.8860956	0.8185169	0.91327214	0.9211465	0.831497	0.9252046	0.93093866	0.67410946	0.890234	0.7244466	0.8860382	0.66323006	0.8516575	0.9205094	0.8392281	0.894479	0.9519558	0.870739	0.8988613	0.88970965	0.82709503	0.8050722	0.90053666	0.81225294	0.8144474	0.7863095	0.8821234	0.86668	0.80328107	0.8251401	0.8528665
