	word/verb	mogelijk/adj	slecht/adj	aan/adj	momenteel/adj	enigszins/adv	afgelopen/adj	patiënt/noun	helemaal/adv	nog/adv	muur/noun	blijk/verb	reliëf/noun	termijn/noun	tijdig/adj	water_kanon/noun	gisteren/adv	kosten/noun	schouder_blessure/noun	alles/noun	installatie/noun	reputatie/noun	trauma/noun	consumentenvertrouwen/noun	geraakt/adj	onafhankelijkheid/noun	lijk/verb	geleidelijk/adj	help_mee/verb	operatie/noun	economie/noun	net/adv	systeem/noun	samenleving/noun	balans/noun	vanmiddag/adv	woning/noun	lever_in/verb	Champions/noun	politiek/noun	doelman/noun	leiding/noun	geloofwaardigheid/noun	probeer/verb	echter/adv	gisterenavond/adv	strand/verb	verbeter/verb	patiënte/noun	vervolgens/adv	dien/verb	zodanig/adj	fiets/noun	fonds/noun	koers_val/noun	ziekenhuis/noun	zal/verb	middag/noun	contact/noun	letsel/noun	populatie/noun	krachtig/adj	goed/adj	voet_blessure/noun	zuiverheid/noun	land/noun	paars_wit/adj	snel/adj	beurs_fonds/noun	euvel/noun	spel_maker/noun	thuisploeg/noun	tijd/noun	vergeef/verb	veiligheid/noun	mede/adv	onbemand/adj	geheel/adj	normaal/adj	vrijwel/adv	36-jarige/adj	laat/adj	bevolking_groep/noun	kerk_toren/noun	voldoende/adj	kan/verb	pas_aan/verb	niet/adv	moet/verb	norm/noun	verbetering/noun	pas/adv	ploeg/noun	golfer/noun	weer/adv	maand/noun	natuur/noun	toestand/noun	ingreep/noun	griep_aanval/noun	gebouw/noun	voldoende/adv	thuis/adv	misstap/noun	contract_uur/noun	Amsterdams/adj	glorie/noun	rij_richting/noun	rust/noun	ben/verb	blessure/noun	val_partij/noun	eveneens/adv	gezag/noun	opnieuw/adv	kom_terug/verb	democratie/noun	meer/adv	water_kwaliteit/noun	middenvelder/noun	intussen/adv	hart_operatie/noun	wereld_gemeenschap/noun	sluit_post/noun	olie_prijs/noun	meteen/adv	tijdelijk/adj	laat/verb	winstwaarschuwing/noun	evenwicht/noun	nodig/adj	kraan/noun	aandeel_beurs/noun	weeg/verb	bilateraal/adj	bezoeker/noun	fout_DIM/noun	geschonden/adj	griep/noun	volk/noun	terug/adv	licht/adj	vanzelf/adv	op_doffer/noun	wegdek/noun	volledig/adj	breuk/noun	lies_blessure/noun	orde/noun	waarschijnlijk/adj	wil/verb	situatie/noun	gebied/noun	herneem/verb	opening_fase/noun	lever/noun	onderhoud/verb	staat/noun	allicht/adv	ere/noun	dak/noun	markt/noun	geloof/noun	veerkrachtig/adj	oorspronkelijk/adj	wonderbaarlijk/adj	kiezer/noun	oud/adj	vanochtend/adv	naai/verb	electrisch/adj	schade/noun	kwetsuur/noun	redelijk/adj	Amerikaans/adj	eer/noun	spectaculair/adj	effect_beurs/noun	opereer/verb	voorlopig/adj	wat/adv	gemeente/noun	help/verb	eventueel/adj	gezondheid_probleem/noun	enkel_blessure/noun	knie_operatie/noun	vertrouwen/noun	onmiddellijk/adj	iets/adv	traditie/noun	kliniek/noun	ziekte/noun	stijl/noun	nauwelijks/adv	cabaretier/noun	sars/noun	autonomie/noun
word/verb	0.0	0.66120374	0.82829946	0.69778454	0.79236245	0.7719451	0.85798526	0.61307544	0.77630216	0.71090305	0.85176784	0.73046976	0.7974396	0.67721725	0.6654108	0.91409636	0.81507015	0.6126418	0.80086714	0.6825181	0.6911191	0.8504286	0.8646179	0.84167665	0.7474387	0.8715467	0.80035496	0.67141634	0.8041491	0.6111	0.80482256	0.9114093	0.52999246	0.7771101	0.7809666	0.66823274	0.6438728	0.7169391	0.85266054	0.88015664	0.8049776	0.7134394	0.8458171	0.6607114	0.67383444	0.67734694	0.84743315	0.68079555	0.8077362	0.6375582	0.43466228	0.6123237	0.74865264	0.79523635	0.852006	0.6574801	0.4462151	0.6551559	0.7487949	0.72162116	0.66141236	0.75134146	0.83820146	0.6271795	0.8693622	0.7994497	0.87202823	0.657912	0.86450225	0.56347275	0.8770154	0.80057555	0.77568233	0.74212587	0.7547006	0.86998945	0.7387196	0.72541815	0.62866807	0.7178294	0.8032022	0.7183628	0.8307512	0.87339365	0.776205	0.5549399	0.4696312	0.71939874	0.46185255	0.7257887	0.7374318	0.64015913	0.8704954	0.89758193	0.61613333	0.8072769	0.7871054	0.59195465	0.56930435	0.80018014	0.63443315	0.7720286	0.79686385	0.6867339	0.7165254	0.88055956	0.75021183	0.56241596	0.8571355	0.7204893	0.7429384	0.7784445	0.7547956	0.7546809	0.6243643	0.7576179	0.8383635	0.7961316	0.8388503	0.8179507	0.6268759	0.71755457	0.7983371	0.7582902	0.73038405	0.7648072	0.59943736	0.6300578	0.8510752	0.7826544	0.75695485	0.6058232	0.86382776	0.8132413	0.6819633	0.82181823	0.7597184	0.8672211	0.8142946	0.8666314	0.72182536	0.83550215	0.74407256	0.8276434	0.62259495	0.6051328	0.7545953	0.7440164	0.7563103	0.6382116	0.72885346	0.6676192	0.74341655	0.7469687	0.8948548	0.6870185	0.795084	0.76998544	0.6851753	0.6890193	0.7554951	0.7434516	0.927673	0.88584346	0.66848874	0.8065066	0.85927343	0.7355069	0.76951206	0.600955	0.77950984	0.6942255	0.8054997	0.77860177	0.91016865	0.91644865	0.8331537	0.8421351	0.61235833	0.79097384	0.68141127	0.6495648	0.71562743	0.59906054	0.7566049	0.68451643	0.69363344	0.863763	0.641902	0.7794477	0.7339064	0.6743525	0.82347363	0.7000987	0.79088205	0.87202793	0.83824253	0.86361176
mogelijk/adj	0.66120374	0.0	0.876261	0.8698314	0.78483087	0.76404566	0.8365785	0.5369623	0.82168055	0.7709591	0.9590037	0.6888498	0.8525463	0.6365862	0.72179466	0.8534039	0.8653421	0.675442	0.88946563	0.7206335	0.84000427	0.82159925	0.7751963	0.86880255	0.85286474	0.81528056	0.7401061	0.7966453	0.79877084	0.6229638	0.7344762	0.8603977	0.6969391	0.8257092	0.8604276	0.8397535	0.79919285	0.85678595	0.96901965	0.9022225	0.88815784	0.86698896	0.7823114	0.6627797	0.64740837	0.7878143	0.932088	0.67936766	0.749813	0.76331574	0.6983217	0.80299	0.84227234	0.8676024	0.88430166	0.7029103	0.55655944	0.8868375	0.7341367	0.748163	0.74380744	0.7491157	0.88029224	0.8487382	0.92585695	0.72423947	0.9368866	0.61052155	0.8677417	0.6313454	0.8670013	0.8364159	0.7501281	0.75756264	0.79977477	0.75068974	0.85914075	0.80315524	0.66412127	0.7877737	0.94291675	0.8783243	0.79393214	0.9535993	0.71896416	0.47420806	0.69227946	0.79454887	0.5507516	0.87110555	0.738129	0.8144143	0.85596275	0.8561628	0.6983155	0.83706695	0.7879809	0.73337877	0.59894276	0.8725493	0.83665323	0.80966336	0.77777517	0.7914412	0.91984004	0.92559624	0.9333694	0.76522624	0.8447195	0.75652933	0.714906	0.82040167	0.73989415	0.7737626	0.72066295	0.75034827	0.7895947	0.8163526	0.83629316	0.86425674	0.6564047	0.7710495	0.844189	0.85832906	0.809306	0.8282468	0.58390653	0.8210002	0.8981777	0.78313476	0.6893063	0.8805195	0.87623054	0.82665765	0.7109393	0.89475423	0.8144592	0.86130244	0.7407361	0.9004801	0.7476989	0.77433145	0.74399996	0.84683305	0.72967935	0.64422613	0.85254884	0.84321636	0.7787175	0.63215613	0.6286541	0.6412753	0.7034731	0.76809806	0.89030766	0.79353577	0.76586246	0.8333118	0.7529868	0.9100787	0.8863983	0.8050676	0.91035295	0.79690886	0.82703775	0.7576953	0.82141644	0.8798788	0.8606256	0.8475348	0.8706762	0.6823127	0.8577731	0.6325872	0.87440586	0.9150828	0.7574934	0.91354287	0.71723807	0.73639417	0.7370571	0.7176435	0.5229559	0.53486675	0.6837244	0.8647908	0.8474277	0.8062556	0.7356741	0.7620547	0.9110564	0.7560098	0.63301575	0.878435	0.71138567	0.9682958	0.69036674	0.8311548
slecht/adj	0.82829946	0.876261	0.0	0.9119408	0.694544	0.7015057	0.7133219	0.8528212	0.83603525	0.8389875	0.97902936	0.717195	0.8664113	0.8209964	0.8463523	0.9836297	0.73744905	0.8948538	0.9327204	0.93871605	0.7982545	0.7746784	0.9776336	0.75069577	0.82864	0.85400414	0.756292	0.87576246	0.8598193	0.87608814	0.6841805	0.8535764	0.89348197	0.85600376	0.8757755	0.8603785	0.8802118	0.7927496	0.9265525	0.8498142	0.88488156	0.8916371	0.8295703	0.8892976	0.77499175	0.8715167	0.90300083	0.4506148	0.90878004	0.8096183	0.8071685	0.5523716	0.88069373	0.73128533	0.7113246	0.8626517	0.8621274	0.93670124	0.7972889	0.88956237	0.962964	0.85907984	0.50026697	0.93219197	0.805291	0.65440255	0.84912974	0.7979615	0.71340454	0.9533007	0.8818374	0.86528635	0.83543825	0.9635123	0.7891793	0.59112585	0.8942263	0.82427514	0.785856	0.75360715	0.91053116	0.8640024	0.9222721	0.9208472	0.73825586	0.87438774	0.80929613	0.86024207	0.8947626	0.8630784	0.5391784	0.9157197	0.85542804	0.8258927	0.7808717	0.77742743	0.808493	0.7265875	0.8543058	0.91616637	0.83372	0.9398458	0.88621986	0.95461017	0.95099777	0.7337115	0.9794692	0.8348179	0.8979083	0.74229914	0.85610986	0.8592493	0.78065807	0.84221506	0.77157295	0.8897283	0.8074144	0.82977796	0.70044667	0.90845484	0.63452816	0.9187474	0.88476676	0.9462881	0.7488798	0.81887907	0.85680044	0.8882655	0.690724	0.8347664	0.7376499	0.8806064	0.7215557	0.7510955	0.8450525	0.90097064	0.94455576	0.7790772	0.90863323	0.8519473	0.8671828	0.8042503	0.9013752	0.87402344	0.62091446	0.76159155	0.9225363	0.94476867	0.93488836	0.8528379	0.9200567	0.81790996	0.73573315	0.8882413	0.9153929	0.8175274	0.8267623	0.6146953	0.8931527	0.90313876	0.9179239	0.69896805	0.90295565	0.8496158	0.7657576	0.811253	0.88410974	0.86456245	0.7011078	0.90011764	0.92553145	0.6789931	0.9024303	0.55731726	0.5271958	0.8161732	0.7150451	0.832106	0.82101303	0.77731407	0.8605888	0.859416	0.8117465	0.91293603	0.88068634	0.939265	0.9392331	0.76293147	0.9192782	0.7880173	0.9140263	0.93778324	0.90746045	0.94514143	0.6617388	0.95500857	0.92011636	0.9309195
aan/adj	0.69778454	0.8698314	0.9119408	0.0	0.7832966	0.84629333	0.8334262	0.85150903	0.7761078	0.7400228	0.9553522	0.905609	0.8598098	0.8112109	0.9221799	0.8321007	0.92452544	0.9283072	0.80024433	0.8386632	0.95117354	0.9527923	0.8904987	0.8830479	0.86043	0.92916924	0.7673731	0.65371084	0.8399211	0.8640001	0.8281218	0.7938601	0.7497947	0.93243986	0.8378695	0.68894047	0.97433317	0.91019404	0.8971107	0.9035263	0.9043737	0.8683045	0.850307	0.8219894	0.7728201	0.8411394	0.9095073	0.76854205	0.9193241	0.71487486	0.8938758	0.9162847	0.7898853	0.92060786	0.85666627	0.8602667	0.7539576	0.542956	0.954373	0.8977376	0.7708983	0.82114196	0.8211633	0.8364273	0.93159175	0.870104	0.90652245	0.8510133	0.9211835	0.8675855	0.87847406	0.7745977	0.816056	0.9081887	0.9034298	0.9141565	0.92665076	0.8517346	0.81452364	0.88418764	0.9565321	0.7495538	0.9660897	0.9697204	0.8096291	0.8670377	0.7604473	0.89345175	0.7800105	0.8821813	0.73922646	0.7217652	0.8627682	0.95517385	0.65291256	0.8436278	0.92563516	0.8386068	0.85827756	0.8528858	0.94459087	0.83435625	0.80400854	0.9361934	0.79485387	0.95562726	0.88975024	0.816723	0.8256314	0.79642445	0.77529895	0.8334667	0.8860777	0.82725143	0.8200636	0.80576766	0.8662848	0.9273637	0.9423885	0.82371235	0.83260393	0.8599633	0.8834646	0.90040237	0.7971497	0.8876328	0.8142023	0.80364335	0.9409629	0.68654114	0.86923224	0.90039957	0.8987308	0.7865928	0.9766917	0.8783771	0.91379887	0.8893383	0.7877162	0.9337271	0.769912	0.74141484	0.8248756	0.7623639	0.84639275	0.80014145	0.7997818	0.83366513	0.8243015	0.75018376	0.8763143	0.90222764	0.88144624	0.73608017	0.9095556	0.9184472	0.953714	0.9642392	0.84682786	0.8455564	0.9344752	0.8510942	0.9549779	0.8288902	0.8870063	0.86167866	0.9538258	0.7976343	0.79270303	0.9279851	0.8877498	0.91486114	0.83850837	0.88345265	0.9415992	0.9218651	0.9204903	0.8686296	0.873801	0.88407904	0.60398436	0.93057084	0.8693495	0.88223445	0.93095106	0.8430859	0.8370142	0.8179834	0.93360287	0.7646953	0.9057577	0.94421405	0.9369492	0.8159486	0.7824513	0.9359952	0.96202415	0.92019576
momenteel/adj	0.79236245	0.78483087	0.694544	0.7832966	0.0	0.86699116	0.6494137	0.73542905	0.7590695	0.69195545	0.92839307	0.8189354	0.9412523	0.74559724	0.7108679	0.86766744	0.74759674	0.80760634	0.6995771	0.880412	0.84868807	0.9075431	0.87987345	0.8581901	0.76543045	0.92992723	0.68231833	0.733799	0.88294476	0.6248463	0.82607347	0.7261244	0.88893116	0.92606914	0.8489255	0.8909273	0.8331362	0.8724358	0.9227195	0.89494306	0.54740727	0.86742604	0.9430138	0.90272427	0.8248573	0.8088031	0.9262648	0.80018	0.77078176	0.6997546	0.6849477	0.7945372	0.7826848	0.8648474	0.86738104	0.6245825	0.8528892	0.89261615	0.84433424	0.7622132	0.9117735	0.8824855	0.78177834	0.8006695	0.92374796	0.852063	0.82398045	0.83828354	0.88094467	0.86979985	0.67674375	0.80340475	0.65447617	0.929755	0.8194658	0.69224787	0.88729423	0.77932215	0.6451979	0.75645006	0.6446024	0.8868675	0.91694707	0.8839238	0.70632344	0.8324506	0.82680404	0.88755864	0.63147426	0.9579298	0.8519837	0.63457084	0.7890497	0.9100253	0.6764443	0.6081715	0.8650737	0.7270068	0.6517026	0.7392976	0.84223646	0.71860254	0.751041	0.8893114	0.9112844	0.8752006	0.95797807	0.8389602	0.6784078	0.73433656	0.6295564	0.76512253	0.5810412	0.86431175	0.59871316	0.6530217	0.89862764	0.86763954	0.91379905	0.4940573	0.68682903	0.8402257	0.93375134	0.9150872	0.8299811	0.87648416	0.72113216	0.8065472	0.84047765	0.846636	0.77717656	0.8101232	0.85428965	0.80526173	0.85864365	0.9633266	0.9391821	0.90979034	0.6580025	0.9455853	0.60088027	0.52034676	0.8545785	0.8644059	0.82729614	0.59228253	0.6989217	0.6955685	0.859319	0.67623687	0.92273295	0.86402494	0.86548316	0.634423	0.83169115	0.88386345	0.8313173	0.82983094	0.5431951	0.94818187	0.8911561	0.80877537	0.94832605	0.87616456	0.8593963	0.8300919	0.9399173	0.77827924	0.8546932	0.914781	0.8421737	0.8521927	0.7423485	0.7389152	0.8212372	0.9621384	0.904392	0.88933235	0.5694201	0.5885689	0.7721415	0.79973954	0.7838715	0.84478414	0.8094847	0.81845057	0.81302464	0.8681944	0.8498374	0.83880097	0.92624605	0.84057796	0.73613787	0.9034258	0.6547117	0.90380585	0.8616651	0.9306654
enigszins/adv	0.7719451	0.76404566	0.7015057	0.84629333	0.86699116	0.0	0.72389525	0.8656169	0.7165797	0.80528814	0.9115949	0.76892686	0.93363744	0.7307587	0.74633604	0.8042702	0.61735433	0.8095032	0.9299879	0.77698666	0.8955958	0.612807	0.7848973	0.73345995	0.74064195	0.9420861	0.65013933	0.7018753	0.83070964	0.84332657	0.56484437	0.6774503	0.7587636	0.64324725	0.63382167	0.7060845	0.84053993	0.77445227	0.73304534	0.8870783	0.81254154	0.834857	0.7169794	0.5490197	0.74884254	0.7727896	0.8442762	0.76689625	0.9192344	0.76542586	0.77794176	0.66788375	0.935835	0.6343502	0.739348	0.8950028	0.75814056	0.7969507	0.9099254	0.9087323	0.84482	0.8330165	0.67357814	0.9005816	0.85002774	0.7279248	0.7549916	0.611743	0.6629243	0.827023	0.7868145	0.66851115	0.7278788	0.9115284	0.7433382	0.7149178	0.90708137	0.822955	0.7294769	0.77803826	0.94131064	0.8221433	0.8394684	0.95008045	0.7530284	0.69560087	0.83302224	0.8488674	0.70815086	0.74814326	0.8564916	0.76506543	0.5856466	0.72966456	0.57652783	0.7886255	0.65068185	0.837908	0.8779666	0.9104949	0.796713	0.8623744	0.8517498	0.8831995	0.7753884	0.6771718	0.76266396	0.916965	0.73154855	0.74794537	0.81062627	0.8413837	0.7717258	0.8034806	0.61999285	0.7730632	0.7780272	0.8626053	0.8923527	0.83097154	0.60104764	0.9265883	0.8983693	0.90479773	0.7004205	0.73184747	0.82806146	0.7214688	0.65820104	0.6687603	0.78641605	0.91011393	0.70281434	0.8283816	0.8199993	0.6708282	0.8636957	0.71909124	0.8635656	0.8146173	0.7824369	0.70759284	0.7560222	0.7980484	0.8268896	0.68629205	0.94670266	0.9190218	0.7987187	0.79739046	0.8382464	0.73605305	0.77055806	0.80644333	0.87256676	0.7886127	0.9565753	0.94492173	0.842687	0.7771514	0.9013298	0.5827381	0.7663282	0.8938494	0.7599566	0.7594028	0.8146305	0.82604593	0.6834341	0.91000026	0.9606036	0.7384691	0.8405128	0.5686904	0.65834355	0.71527827	0.5953559	0.74753904	0.92043453	0.7165037	0.50060123	0.8764256	0.7726919	0.7404269	0.8917414	0.81488174	0.8819319	0.634022	0.74472	0.5500258	0.72822577	0.9090504	0.9329381	0.86491555	0.5891203	0.94156456	0.93585736	0.94235283
afgelopen/adj	0.85798526	0.8365785	0.7133219	0.8334262	0.6494137	0.72389525	0.0	0.8698875	0.8643491	0.7301284	0.97789717	0.78434	0.95775914	0.753163	0.7954354	0.9755613	0.4267441	0.8976444	0.86001354	0.8933419	0.9726738	0.9315443	0.94365346	0.57038975	0.7910485	0.97801065	0.66459286	0.81940013	0.78486985	0.8120473	0.684496	0.76512426	0.9154	0.89914703	0.8569	0.6765662	0.94714075	0.5896857	0.8962246	0.89193857	0.7283497	0.9600647	0.9679687	0.8751129	0.7719738	0.898667	0.88268757	0.8003169	0.8769206	0.7404775	0.8254756	0.83973277	0.93407154	0.5401194	0.48425323	0.8448012	0.83457965	0.8141899	0.9203185	0.89671385	0.8228805	0.8136387	0.88775474	0.8048173	0.99064344	0.826704	0.81709075	0.7912868	0.52377766	0.895904	0.82024854	0.8828823	0.65925914	0.9555903	0.86385053	0.58973855	0.96873885	0.7768476	0.7999982	0.64580977	0.7709582	0.5562948	0.90272325	0.9931998	0.77954316	0.85767657	0.8964424	0.94554764	0.72715586	0.9719221	0.85869914	0.72738373	0.8715984	0.7389202	0.67743886	0.50194526	0.86335903	0.83998114	0.8225193	0.8566274	0.96845716	0.8315047	0.8890035	0.96722835	0.97122157	0.6128454	0.9643046	0.9759034	0.8393532	0.819592	0.78788507	0.8432884	0.57920074	0.96074414	0.65222716	0.80174243	0.941153	0.8629396	0.8614168	0.73091364	0.7618327	0.9021812	0.90718883	0.8822269	0.5129038	0.84334344	0.82967484	0.8538983	0.44174445	0.85536426	0.80688965	0.95459956	0.5640147	0.7119969	0.92545843	0.95071167	0.9245474	0.88599384	0.81336933	0.97196305	0.7761045	0.7129375	0.8807055	0.9132604	0.94091004	0.7585491	0.92344636	0.8497343	0.92652935	0.7111091	0.89944553	0.78523105	0.8822243	0.736413	0.8716685	0.96113235	0.91402143	0.89476514	0.76133645	0.9699504	0.9329734	0.55234325	0.9513563	0.8800227	0.94283	0.7824396	0.9411862	0.82052493	0.44116795	0.9787513	0.98414963	0.89689845	0.8608376	0.8023535	0.6088469	0.9726926	0.6951912	0.60303557	0.7609223	0.70894265	0.8857982	0.94548565	0.79900336	0.86344934	0.9219981	0.85161066	0.81537914	0.7834128	0.8640162	0.6964271	0.94427556	0.9564265	0.88930666	0.9271654	0.6062244	0.93080586	0.94821167	0.9714256
patiënt/noun	0.61307544	0.5369623	0.8528212	0.85150903	0.73542905	0.8656169	0.8698875	0.0	0.88976717	0.8336214	0.9003668	0.71153295	0.9166767	0.6565213	0.72106206	0.96737623	0.89473766	0.6722128	0.8349272	0.87301075	0.8764532	0.92313266	0.62966144	0.898409	0.86824864	0.7993611	0.791032	0.85946894	0.8134974	0.40262485	0.77089113	0.86579716	0.8062505	0.84613824	0.8860357	0.8941204	0.85058963	0.8715452	0.98706263	0.913011	0.92969924	0.8368699	0.85611594	0.82737875	0.7399764	0.7574855	0.95922846	0.711824	0.388826	0.8016582	0.74202704	0.72863483	0.91598606	0.90819615	0.954452	0.38609707	0.69664943	0.8924465	0.8521763	0.6081902	0.802173	0.86989635	0.8770426	0.7781894	0.90859884	0.7982589	0.9446669	0.7461147	0.9126903	0.7252547	0.9136432	0.92901915	0.8497624	0.96234834	0.74916583	0.7342385	0.9337858	0.8361674	0.7344695	0.89322627	0.9297618	0.9154943	0.7826233	0.96261114	0.784601	0.5910734	0.7795137	0.798514	0.56582385	0.93207604	0.7568197	0.8323144	0.9271969	0.93913716	0.81650853	0.8356049	0.83759964	0.5635387	0.42410618	0.8850553	0.8240456	0.7093537	0.72232413	0.9133885	0.9168806	0.93752307	0.9462523	0.8798286	0.91009605	0.77166843	0.75032425	0.7936478	0.86656797	0.7822107	0.8279873	0.7977737	0.820998	0.80775857	0.83851403	0.83681935	0.7672597	0.60429966	0.9167788	0.9124771	0.91187394	0.8468507	0.67443764	0.8045167	0.937701	0.8629491	0.6098255	0.86654425	0.9505573	0.847348	0.7783989	0.9175238	0.9262397	0.88505304	0.65743643	0.88607776	0.7262322	0.7632716	0.8548413	0.9365388	0.7957179	0.70145106	0.73350686	0.7842996	0.872561	0.7212862	0.7857483	0.73090935	0.6681281	0.84093285	0.9287007	0.5148413	0.849186	0.88783395	0.8109331	0.95694774	0.9228971	0.84060967	0.95498914	0.91933227	0.9209615	0.81835	0.88440776	0.940279	0.93236136	0.7750671	0.86402553	0.79597414	0.73138094	0.7732109	0.9157277	0.9774272	0.84120506	0.98070514	0.54569054	0.83985794	0.894989	0.71258867	0.52771163	0.58918834	0.62243915	0.8050325	0.80188644	0.89733076	0.75714207	0.91081214	0.96467674	0.46000457	0.46195644	0.9262039	0.758551	0.93356514	0.5851202	0.81646246
helemaal/adv	0.77630216	0.82168055	0.83603525	0.7761078	0.7590695	0.7165797	0.8643491	0.88976717	0.0	0.72451305	0.8575148	0.7889404	0.9385416	0.8365744	0.67439675	0.83776665	0.84695816	0.901504	0.7595697	0.6504094	0.8830606	0.8860995	0.9088888	0.86688286	0.8208626	0.9671183	0.67997956	0.8100032	0.9245653	0.83228934	0.8511894	0.64409226	0.8550616	0.9066991	0.84327203	0.8561411	0.8463893	0.87606233	0.9414793	0.8923533	0.76049334	0.8777128	0.9284447	0.772122	0.6089777	0.83967257	0.8427824	0.8783471	0.90609264	0.7522094	0.8060271	0.73873234	0.75079197	0.91883093	0.9659745	0.8960642	0.73409355	0.76953757	0.917389	0.89878	0.8477227	0.895232	0.7879283	0.8441856	0.89481753	0.8735036	0.8568709	0.67854905	0.94993025	0.7581745	0.8422508	0.7534419	0.55552906	0.86273515	0.8889025	0.8855567	0.9567259	0.6652595	0.6723237	0.894027	0.9293725	0.778445	0.9170199	0.8316087	0.6701231	0.7087183	0.8295443	0.63090277	0.7598593	0.8505208	0.9040394	0.65991664	0.7435663	0.92304504	0.6300771	0.8155736	0.84379077	0.8819543	0.86474645	0.79404414	0.80517936	0.8245438	0.60502255	0.8248278	0.8791268	0.9701422	0.7843548	0.91481775	0.6647675	0.6016879	0.67377627	0.7888129	0.8430452	0.85342795	0.7472364	0.63344437	0.88554335	0.6218271	0.8973153	0.8014773	0.6742355	0.83652234	0.85678893	0.85466945	0.91415966	0.63358784	0.85116947	0.75944114	0.9253011	0.7094892	0.7802025	0.7880317	0.838734	0.8793771	0.95483285	0.8464436	0.84949	0.89663935	0.78166854	0.92478174	0.61891747	0.74946815	0.6466665	0.77439296	0.83904576	0.62794316	0.8431655	0.74952495	0.74889195	0.7661564	0.70240057	0.825405	0.9121745	0.72611165	0.8869707	0.8198153	0.90949297	0.89491284	0.7078831	0.7581451	0.87548596	0.9154891	0.89484924	0.92676216	0.7730189	0.83497524	0.8549727	0.7141705	0.8849515	0.86653924	0.8595079	0.86801493	0.7460009	0.8185154	0.94112384	0.95011985	0.86156845	0.920484	0.83392155	0.6276953	0.73012424	0.914025	0.82547075	0.8660899	0.7755581	0.8018925	0.73831	0.76991946	0.67047924	0.81660557	0.842325	0.9105339	0.8572762	0.8225711	0.65165067	0.9500288	0.9283347	0.9777973
nog/adv	0.71090305	0.7709591	0.8389875	0.7400228	0.69195545	0.80528814	0.7301284	0.8336214	0.72451305	0.0	0.9573827	0.6386306	0.8776366	0.6801058	0.723763	0.87667865	0.8459315	0.8173508	0.71504706	0.7046453	0.89579695	0.83720636	0.854006	0.7660185	0.76707774	0.94287187	0.36795956	0.7034328	0.82077014	0.77891195	0.82449913	0.64370036	0.85390204	0.9040449	0.5979284	0.8365279	0.8827509	0.8458048	0.7540631	0.9148081	0.6397834	0.8359081	0.9447748	0.71891814	0.5801182	0.84706014	0.7369998	0.81025195	0.92143875	0.80226487	0.7694196	0.8411757	0.86425275	0.7940491	0.8334227	0.80868316	0.6492765	0.774634	0.863237	0.7719574	0.8618058	0.84796894	0.6657382	0.79992235	0.91317403	0.8979762	0.6850341	0.6520122	0.87301236	0.68909985	0.72857165	0.67257464	0.5897311	0.7885528	0.82169366	0.79775155	0.89376575	0.9186367	0.62047416	0.8387392	0.8238807	0.54630893	0.8219007	0.9435152	0.65740615	0.60669506	0.7627443	0.646634	0.7519836	0.92178273	0.86916006	0.5209552	0.69583523	0.89021677	0.5752779	0.7450396	0.838587	0.7452074	0.78681475	0.7429836	0.9024338	0.8620565	0.7511903	0.6711817	0.8259647	0.91188955	0.9266699	0.842908	0.5913851	0.5138123	0.6485473	0.8023348	0.7840314	0.9231852	0.5576745	0.63777626	0.9223684	0.5023695	0.7954214	0.6878334	0.7629306	0.86224145	0.84302974	0.8465975	0.7630397	0.7397825	0.81236136	0.6415367	0.8713477	0.7392302	0.78657556	0.85372233	0.7533023	0.7795189	0.85066086	0.74065197	0.7058654	0.78484166	0.77088356	0.9020268	0.68173516	0.68553936	0.8182848	0.65876496	0.8572858	0.79036874	0.86335796	0.70775473	0.6504176	0.68832135	0.76581395	0.6639987	0.9100089	0.69817173	0.67079693	0.9016615	0.8353972	0.9148605	0.69395566	0.907271	0.94836324	0.82481015	0.95341617	0.76680064	0.92357826	0.8851767	0.83633864	0.81856024	0.8583817	0.84129643	0.9439336	0.7612928	0.71996486	0.7923568	0.9517607	0.8400035	0.80269766	0.81407046	0.7660149	0.6953999	0.6813619	0.85930246	0.75165176	0.8197407	0.82333267	0.7052686	0.68429804	0.8224224	0.82540405	0.6844933	0.94793504	0.91458493	0.860739	0.8420012	0.6309445	0.9500771	0.8910511	0.88821787
muur/noun	0.85176784	0.9590037	0.97902936	0.9553522	0.92839307	0.9115949	0.97789717	0.9003668	0.8575148	0.9573827	0.0	0.8847414	0.60084176	0.9637312	0.9105399	0.76740134	0.9615152	0.90689313	0.93813664	0.95985365	0.6057254	0.97814083	0.88187015	0.97769564	0.926285	0.9737232	0.97323364	0.97283214	0.9270622	0.9348313	0.84559906	0.84355175	0.79700977	0.8806023	0.97565866	0.9724249	0.5336268	0.9808361	0.9835468	0.9803603	0.89684165	0.7895904	0.9855809	0.8991544	0.9001539	0.90494263	0.71044236	0.96350956	0.9352037	0.6696092	0.82600117	0.91179657	0.7437062	0.9848752	0.98929495	0.8869614	0.9571166	0.8510431	0.96721864	0.9532972	0.9563442	0.83303833	0.9660194	0.92433095	0.9597076	0.9936954	0.9288409	0.92209464	0.99334353	0.9134223	0.9662039	0.9261931	0.9633865	0.98159325	0.94609773	0.8435625	0.91996557	0.94216347	0.9285783	0.9251789	0.9253454	0.9570762	0.93693304	0.49021947	0.9851648	0.9467308	0.9040405	0.9778648	0.93592644	0.99052787	0.94501835	0.9453597	0.8740088	0.99168825	0.91224587	0.96678555	0.8490157	0.8768186	0.83465594	0.96395034	0.5009407	0.98267484	0.90121394	0.9631507	0.9382304	0.9548847	0.8497485	0.9530672	0.9495689	0.89545286	0.9359527	0.94754916	0.90055895	0.97481847	0.90401447	0.87405664	0.9802715	0.9734378	0.97468865	0.96333694	0.90324396	0.9635151	0.9815797	0.9259165	0.9716328	0.9750389	0.8601217	0.88975334	0.99655104	0.9072082	0.881911	0.5893122	0.95379	0.8870421	0.9666573	0.94226193	0.9088886	0.9748172	0.96520203	0.82728726	0.86316174	0.8018433	0.90777946	0.96557397	0.79469395	0.78267026	0.9473926	0.91690665	0.9889839	0.90051115	0.9814386	0.96387345	0.774239	0.9298756	0.9357922	0.9174306	0.84132653	0.89808315	0.95412505	0.9016304	0.32457143	0.88626647	0.89644635	0.9028343	0.7233814	0.9669111	0.93557817	0.7471789	0.9569142	0.924477	0.6339759	0.6963178	0.91801417	0.9807036	0.97581744	0.9474824	0.9031425	0.9702682	0.94814295	0.9300896	0.8177945	0.84677064	0.993797	0.9121772	0.9541853	0.9266866	0.9447783	0.9739055	0.9127829	0.7994662	0.9160974	0.8270807	0.99026364	0.8789201	0.9136932	0.9627811	0.95847833	0.96528465
blijk/verb	0.73046976	0.6888498	0.717195	0.905609	0.8189354	0.76892686	0.78434	0.71153295	0.7889404	0.6386306	0.8847414	0.0	0.9161787	0.729133	0.70412606	0.89591765	0.83550143	0.81709933	0.774884	0.8458792	0.8516397	0.8908984	0.8562733	0.7032991	0.84945333	0.94893986	0.5150372	0.83208597	0.94287217	0.68789375	0.6125366	0.76601756	0.80848324	0.8059766	0.7957442	0.7903706	0.934021	0.8082367	0.85567486	0.8737877	0.76886946	0.8848079	0.89407367	0.6927494	0.54564893	0.85267735	0.7871524	0.6640353	0.77239484	0.801432	0.7806871	0.6632292	0.9101299	0.7720866	0.8536508	0.65135276	0.6994473	0.7525075	0.8626911	0.7402861	0.74583364	0.69323266	0.76342505	0.82662076	0.95624626	0.79078627	0.84128743	0.64436316	0.8266168	0.74318546	0.8752098	0.76357275	0.6197351	0.8877686	0.73525244	0.74073434	0.92627305	0.7389847	0.63244295	0.70433164	0.8213105	0.7789339	0.82572365	0.96679944	0.65485096	0.69735694	0.82857656	0.68926585	0.7687948	0.8342849	0.67649657	0.69823277	0.68264335	0.8870007	0.6809535	0.6945609	0.65072626	0.7680645	0.69117785	0.7731137	0.9155027	0.84549433	0.8341398	0.8006744	0.92795205	0.8110613	0.96342784	0.89936817	0.7592699	0.38574737	0.79357386	0.8029418	0.7307392	0.87457454	0.6246347	0.59184605	0.91120875	0.75497735	0.73223627	0.88160896	0.67833	0.718817	0.8473177	0.8948573	0.7397094	0.7395327	0.73055243	0.70661235	0.73099244	0.80530083	0.7577976	0.85998553	0.7538922	0.6505432	0.91441035	0.79988396	0.8021626	0.8044077	0.7732404	0.80491185	0.78875667	0.6398821	0.80823195	0.7576981	0.88826716	0.74337786	0.7456012	0.75307846	0.76447725	0.62674916	0.8224821	0.7974594	0.74004406	0.73064065	0.85898346	0.79025984	0.91380244	0.8841528	0.8285348	0.95116377	0.9371856	0.7784139	0.82050896	0.8969958	0.90001494	0.7650931	0.76515186	0.8465607	0.80630475	0.92122024	0.9199475	0.7931848	0.7188647	0.67478734	0.7440666	0.9264029	0.68205154	0.7901059	0.7078754	0.5567094	0.8279296	0.91365653	0.75806326	0.72455084	0.7879772	0.6993338	0.8278303	0.71337974	0.76551664	0.62394106	0.90796	0.8107039	0.70288837	0.9197716	0.6697233	0.95455986	0.7782966	0.8946223
reliëf/noun	0.7974396	0.8525463	0.8664113	0.8598098	0.9412523	0.93363744	0.95775914	0.9166767	0.9385416	0.8776366	0.60084176	0.9161787	0.0	0.8731828	0.92145795	0.9552054	0.9909659	0.78539217	0.9214531	0.94392276	0.80378824	0.93630326	0.9729637	0.93606484	0.91260207	0.9433081	0.8736951	0.8215159	0.87545955	0.8663181	0.88580793	0.9450558	0.9042322	0.86022395	0.8617569	0.8761399	0.8492414	0.95883393	0.96679455	0.9295872	0.9371871	0.88923097	0.9211529	0.9030647	0.90206426	0.9647866	0.85970855	0.83034647	0.9639147	0.8259289	0.7246293	0.8737458	0.8988471	0.9299624	0.9189182	0.91792893	0.85960025	0.90185374	0.88797116	0.9331208	0.7987783	0.6294801	0.90596336	0.89034784	0.80039257	0.9426142	0.93572915	0.8575957	0.9567261	0.87306917	0.92539406	0.9120551	0.9100902	0.9385804	0.8542773	0.7763636	0.8320661	0.84775186	0.90115416	0.9097223	0.9863935	0.9058277	0.73944986	0.8548661	0.903046	0.88579166	0.80040205	0.96288127	0.89805675	0.9178012	0.834821	0.92805374	0.9304805	0.89990216	0.8746436	0.9761799	0.76005954	0.7722481	0.68859893	0.93964654	0.76518977	0.84553725	0.9185766	0.93485856	0.89508104	0.98313904	0.88780296	0.75937504	0.9014961	0.8317827	0.87902826	0.872103	0.9209939	0.877972	0.8926964	0.9595057	0.90412784	0.9435941	0.84186566	0.98138535	0.95359343	0.8866352	0.7957499	0.87497085	0.87641966	0.9124325	0.7570338	0.91924566	0.9498438	0.8243032	0.72067845	0.7908243	0.8978085	0.8664648	0.9101158	0.9264102	0.88434327	0.87273985	0.9576148	0.9390052	0.87657213	0.81565547	0.91772497	0.95291084	0.6932106	0.81719494	0.9124175	0.9208075	0.9395669	0.8212285	0.89128554	0.93444103	0.7406721	0.8782432	0.93991673	0.91690487	0.87990034	0.7096323	0.92556083	0.8781909	0.81968224	0.9674779	0.90412694	0.78456503	0.7263347	0.8833087	0.84990585	0.8336362	0.9097993	0.93391114	0.78459865	0.78450876	0.91681194	0.8867007	0.9658176	0.9604636	0.8641941	0.9255809	0.88328016	0.9360557	0.75382626	0.92867756	0.8895265	0.91566813	0.82486725	0.9054564	0.888652	0.9367726	0.8628932	0.7843264	0.85552615	0.87087154	0.9571451	0.7685045	0.87250733	0.96385086	0.9070114	0.93653
termijn/noun	0.67721725	0.6365862	0.8209964	0.8112109	0.74559724	0.7307587	0.753163	0.6565213	0.8365744	0.6801058	0.9637312	0.729133	0.8731828	0.0	0.73362577	0.8755824	0.8880457	0.511484	0.90822	0.8021696	0.81734127	0.83558965	0.8908585	0.69913316	0.8472675	0.8033636	0.6420469	0.68849814	0.652905	0.61745393	0.69283307	0.8941881	0.6235503	0.7630741	0.6879768	0.81857365	0.7998842	0.80848396	0.95781463	0.80613244	0.9574177	0.9023453	0.7643504	0.7333664	0.65353113	0.9240984	0.9437723	0.69087684	0.83813494	0.8897013	0.68772554	0.6881906	0.9192562	0.745441	0.81041056	0.82857335	0.45742148	0.860713	0.91208863	0.8187873	0.76421934	0.74287426	0.6814512	0.92689365	0.8636772	0.84694487	0.89475536	0.51296526	0.8760446	0.69451815	0.9242801	0.8984696	0.7111645	0.91563773	0.65250856	0.64566857	0.85048485	0.8160083	0.65376675	0.8201771	0.957595	0.78381395	0.79740125	0.9472518	0.8225152	0.6197225	0.6632303	0.7798233	0.6362276	0.7958778	0.7367387	0.7734158	0.8431627	0.91441214	0.72313315	0.8065202	0.7832593	0.68517816	0.5694243	0.8630507	0.81108594	0.76675963	0.87428355	0.8229739	0.95672274	0.9169932	0.96345115	0.83545446	0.8437822	0.62475944	0.8596779	0.93391395	0.8350594	0.81795704	0.73937106	0.85173905	0.70721126	0.81704706	0.69645447	0.938292	0.73460793	0.747033	0.8267893	0.87993777	0.67733073	0.88814247	0.60916674	0.8846595	0.8521431	0.7396829	0.6741824	0.83746886	0.8062371	0.7338084	0.7256288	0.9047387	0.8943588	0.8592683	0.880688	0.8548269	0.85703397	0.76500535	0.79437244	0.9115303	0.7507512	0.78646857	0.85743743	0.89696616	0.7570325	0.69369984	0.74376523	0.5716275	0.8335161	0.79482126	0.8294317	0.82258403	0.8637098	0.80976695	0.8464172	0.91897565	0.89498025	0.71782404	0.93707705	0.8751868	0.8844961	0.8293478	0.7480712	0.86396664	0.80752736	0.9125135	0.8731156	0.74002993	0.927346	0.61505175	0.8177922	0.9468706	0.6705483	0.8622529	0.7095785	0.7328775	0.77387476	0.73310065	0.5701643	0.58682764	0.7644651	0.86681426	0.7850324	0.7631074	0.8197782	0.7851166	0.9502966	0.8240407	0.8336972	0.8943447	0.67848957	0.9580267	0.8794647	0.7896021
tijdig/adj	0.6654108	0.72179466	0.8463523	0.9221799	0.7108679	0.74633604	0.7954354	0.72106206	0.67439675	0.723763	0.9105399	0.70412606	0.92145795	0.73362577	0.0	0.75927114	0.743143	0.6291328	0.6587497	0.8335882	0.7888737	0.95702875	0.85207295	0.9317202	0.82507867	0.89133763	0.67484355	0.8686288	0.7705176	0.65540576	0.902107	0.7667389	0.7781636	0.8336149	0.7817216	0.85951906	0.7675706	0.8361012	0.78759426	0.93610877	0.6871089	0.9176401	0.87658346	0.8046886	0.7221906	0.88069296	0.9275299	0.77784956	0.85732526	0.67303944	0.6891855	0.7091155	0.7623209	0.7923973	0.8924205	0.7254373	0.6479173	0.8173398	0.8728843	0.59014165	0.81802505	0.839452	0.8740672	0.6975908	0.96717113	0.8807176	0.7978192	0.6670819	0.741837	0.81856006	0.73660964	0.8669721	0.69633496	0.8507161	0.775166	0.7258836	0.84532917	0.76584	0.7394802	0.82032466	0.800254	0.794767	0.9274851	0.87344974	0.5788709	0.64514804	0.7306599	0.69864213	0.52306795	0.81331694	0.8532342	0.62962365	0.7941568	0.7956694	0.6811377	0.7520353	0.8594859	0.8132199	0.7189989	0.689721	0.76721656	0.8415786	0.71712506	0.76300913	0.73051673	0.8557446	0.8750653	0.7907465	0.6596136	0.7002038	0.5979822	0.7127738	0.5806162	0.8620128	0.5915163	0.7381242	0.8960379	0.7028794	0.89913505	0.5641737	0.6259637	0.8176626	0.91590744	0.78775084	0.8544395	0.75247455	0.6198447	0.7909592	0.75667644	0.7868786	0.77915	0.82997715	0.8711936	0.7643742	0.8658265	0.8713794	0.8741193	0.85344934	0.59620345	0.91216373	0.70753866	0.6388585	0.68972087	0.86914706	0.84416145	0.6445278	0.7177237	0.6113372	0.81199384	0.70850384	0.7692174	0.8539243	0.83959824	0.6728507	0.9217869	0.6476997	0.8635529	0.8957001	0.5731073	0.85838497	0.8535523	0.82348	0.95680016	0.9743627	0.8353375	0.80040276	0.84217405	0.674324	0.81949186	0.8468616	0.8417213	0.7085211	0.618832	0.84450823	0.88954854	0.9707893	0.7356347	0.8753331	0.62062997	0.65544355	0.78523004	0.77036643	0.68820095	0.7170824	0.6408823	0.619439	0.77407897	0.84336305	0.69934833	0.92226297	0.93459666	0.7606634	0.62624794	0.89410925	0.7630981	0.9243349	0.81082225	0.8486252
water_kanon/noun	0.91409636	0.8534039	0.9836297	0.8321007	0.86766744	0.8042702	0.9755613	0.96737623	0.83776665	0.87667865	0.76740134	0.89591765	0.9552054	0.8755824	0.75927114	0.0	0.9376261	0.8648504	0.9404299	0.848785	0.7194024	0.999656	0.98344773	0.9447496	0.892319	0.9665874	0.95075333	0.9467315	0.9546408	0.7940406	0.9292786	0.93635607	0.9408091	0.90884835	0.81969994	0.8859452	0.83584327	0.9103523	0.79843086	0.9945986	0.97304237	0.782143	0.89344317	0.91227454	0.9076116	0.87197435	0.8924072	0.9360245	0.99679506	0.71000993	0.9127644	0.8940073	0.9160935	0.87911934	0.9192635	0.95272595	0.8716997	0.8266793	0.95352054	0.94628876	0.9368381	0.8740622	0.952185	0.9514004	0.98427355	0.9272897	0.7888566	0.922	0.7803461	0.8281431	0.85755986	0.8861902	0.91722614	0.97765714	0.8714151	0.9261458	0.49453592	0.8883768	0.93514526	0.9399954	0.9906317	0.9531602	0.9536833	0.87152946	0.9546189	0.9196375	0.91995996	0.87043345	0.8849226	0.98076373	0.95973754	0.89594334	0.88685846	0.75957274	0.8292268	0.9835872	0.9933631	0.95878094	0.9210465	0.90875936	0.76578933	0.9357787	0.96391195	0.8489056	0.767155	0.8615475	0.9139115	0.9779221	0.8546907	0.88275373	0.88612497	0.969441	0.81612563	0.8379172	0.8122912	0.98817426	0.977823	0.9528722	0.9362309	0.9333155	0.82894367	0.9638428	0.89630485	0.95269483	0.9155743	0.9062363	0.79048824	0.8410461	0.8662681	0.8305607	0.88543093	0.53740716	0.8870894	0.8315553	0.9425231	0.9771996	0.9134961	0.8269937	0.9629874	0.9766266	0.97905076	0.8874561	0.89624447	0.9456192	0.80910385	0.8571506	0.9179602	0.9258774	0.90803635	0.8998371	0.9509953	0.96125525	0.98861575	0.95735914	0.96238875	0.84732246	0.9545069	0.9580505	0.8721007	0.8585547	0.76925063	0.97968066	0.9772937	0.9180799	0.98507327	0.9871562	0.8889116	0.91708905	0.9231342	0.945365	0.6962686	0.80316544	0.95176667	0.9189954	0.8531256	0.9851634	0.93400097	0.8862339	0.97151935	0.75955486	0.8515974	0.91054636	0.85362726	0.88244665	0.91046	0.8139101	0.98680544	0.94235086	0.85395044	0.88192165	0.93316877	0.8274672	0.9876358	0.9328632	0.8820595	0.9648794	0.9634471	0.9856672
gisteren/adv	0.81507015	0.8653421	0.73744905	0.92452544	0.74759674	0.61735433	0.4267441	0.89473766	0.84695816	0.8459315	0.9615152	0.83550143	0.9909659	0.8880457	0.743143	0.9376261	0.0	0.92082864	0.8050089	0.9461041	0.9736751	0.91140133	0.9448456	0.6900561	0.74707913	0.97263676	0.6363626	0.80043024	0.75982916	0.8661054	0.685465	0.6922753	0.93730354	0.9325657	0.896664	0.5461674	0.92793655	0.5190667	0.93431294	0.9231944	0.6322031	0.86516047	0.9572028	0.8740082	0.7618496	0.76774675	0.78216195	0.90446055	0.8483357	0.7127186	0.8362507	0.8971389	0.895272	0.42593044	0.46585292	0.80315185	0.8531319	0.72361946	0.9522385	0.8191862	0.9426923	0.82109594	0.87508446	0.7357234	0.98548144	0.8801942	0.8306214	0.808116	0.47911936	0.88981545	0.75226766	0.7673595	0.82464725	0.9123913	0.9715493	0.5941402	0.91821975	0.86434644	0.78364086	0.6356461	0.7788508	0.6822145	0.97745275	0.9668641	0.80642164	0.9008185	0.93428797	0.9322192	0.7442659	0.9724467	0.92670965	0.7139255	0.8569627	0.6726603	0.66917	0.5705085	0.95893097	0.8892884	0.84973526	0.79283327	0.97623795	0.8616466	0.8447275	0.9601444	0.86194026	0.47507334	0.90447026	0.9559444	0.7647536	0.8828553	0.7162831	0.8657635	0.47801065	0.9065598	0.54766357	0.8194896	0.9747409	0.92631483	0.9717399	0.67381346	0.7276174	0.9041063	0.9306755	0.82636523	0.5313407	0.7566148	0.8453697	0.6974623	0.463243	0.86903036	0.9008701	0.88296664	0.6130413	0.69615775	0.91570705	0.85144156	0.8970071	0.91585255	0.7280628	0.9529488	0.7909759	0.64400494	0.9248121	0.8771988	0.9262309	0.81458056	0.8544855	0.8077945	0.9276662	0.70203567	0.9168313	0.8931851	0.92746973	0.7028122	0.9439083	0.93199	0.93184525	0.9292805	0.66021097	0.95575345	0.8990133	0.44801635	0.9602442	0.91778624	0.9166074	0.8495737	0.9261982	0.90800893	0.3076414	0.8976457	0.96451706	0.86540025	0.7180227	0.80377555	0.52050185	0.93624073	0.7090931	0.568114	0.76920086	0.7215684	0.8557878	0.9686905	0.8839826	0.8701619	0.92719465	0.7934449	0.86546016	0.755571	0.7616997	0.72148967	0.9099718	0.92290074	0.89612824	0.93068534	0.6902247	0.8695105	0.8931013	0.96788895
kosten/noun	0.6126418	0.675442	0.8948538	0.9283072	0.80760634	0.8095032	0.8976444	0.6722128	0.901504	0.8173508	0.90689313	0.81709933	0.78539217	0.511484	0.6291328	0.8648504	0.92082864	0.0	0.87450933	0.8695951	0.69386804	0.9209608	0.8911524	0.89032716	0.85180235	0.8610476	0.86714923	0.8207129	0.6919667	0.5996735	0.83025426	0.9782026	0.7050235	0.8675876	0.7617363	0.8823168	0.70915735	0.85587895	0.93666315	0.9412882	0.97514236	0.8872627	0.8148697	0.80600786	0.79656583	0.8691424	0.9631802	0.6871229	0.83850586	0.88297665	0.6738592	0.7697695	0.8822453	0.8004936	0.8570892	0.8011514	0.5159445	0.92457265	0.87730527	0.8244549	0.8596462	0.8413272	0.8877797	0.9011214	0.9376487	0.9417265	0.9170133	0.7449323	0.93932915	0.7123549	0.89031947	0.9427462	0.8520214	0.89704704	0.72611296	0.82035583	0.7119309	0.901662	0.7724525	0.8858803	0.96377945	0.9070864	0.8805389	0.81423414	0.7839471	0.6321727	0.5841596	0.82587564	0.6023652	0.8058402	0.7895198	0.822315	0.8745394	0.90909886	0.84055316	0.8770875	0.8503199	0.74297595	0.58276707	0.81098413	0.6273334	0.7383535	0.92146474	0.7762909	0.9291041	0.961809	0.972155	0.6837524	0.89411855	0.7902472	0.8617395	0.86836576	0.86860865	0.9407797	0.7879075	0.930931	0.8774531	0.8738878	0.83536255	0.96121997	0.7449869	0.74265385	0.9006899	0.8076366	0.75916713	0.898327	0.6213226	0.8980526	0.8986283	0.8489171	0.60376984	0.7568502	0.89874995	0.6808002	0.79987663	0.89617157	0.87116295	0.86410296	0.91706747	0.92682487	0.92248946	0.82872576	0.86563367	0.9242367	0.7132645	0.6861826	0.89277214	0.8921035	0.84094685	0.78336674	0.75710416	0.79380316	0.8453895	0.84997916	0.93335354	0.77354777	0.81120515	0.8543978	0.8102335	0.9234794	0.7875592	0.8275175	0.98801786	0.93549114	0.88871855	0.8255996	0.917278	0.88507104	0.89145344	0.8764493	0.76958025	0.61700195	0.9015525	0.7739895	0.92434216	0.9702803	0.8050487	0.9245633	0.74664116	0.7746337	0.7637435	0.5648587	0.62050486	0.64887756	0.66328704	0.81616867	0.7759469	0.90441227	0.8217405	0.8827751	0.9504324	0.72511184	0.8507248	0.90727913	0.84270155	0.9795481	0.8640058	0.8348254
