	windstoot/noun	bijzonder/adj	hoe/adj	stem/noun	helling/noun	ziektekiem/noun	kop_stoot/noun	bedrieger/noun	wel/adv	min/adj	reactie/noun	blok/noun	spel_DIM/noun	elleboog_stoot/noun	ondertoon/noun	ook/adv	waarin/pp	dat/comp	inslag/noun	woestijn/noun	fantasie/noun	bespreking/noun	schrijnend/adj	syfilis/noun	Madonna/name	volwassene/noun	schuiver/noun	pleeg_ouder/noun	weide/noun	rap/adj	soort/noun	door/adv	streek/noun	Kim/name	god/noun	zo/adv	campagne/noun	vernedering/noun	dijk/noun	tand_DIM/noun	Waal/noun	tovenaar/noun	zaak/noun	in_borst/noun	ding_DIM/noun	ding/noun	genoeg/adv	bas_lijn/noun	uiterst/adj	producent/noun	schilderij/noun	fout/noun	aanmerkelijk/adj	grond/noun	grimas/noun	tegenstander/noun	ze/pron	overtreding/noun	glimlach/noun	man/noun	oog_DIM/noun	voetballer/noun	manier/noun	criticus/noun	vraag/noun	opmerking/noun	klank/noun	rivale/noun	broodje/noun	echt/adj	blessure/noun	kindervriend/noun	ernstig/adj	Esther/name	rotzooi/noun	val_partij/noun	heel/adj	ontzettend/adj	haai/noun	nogal/adv	loer/noun	spul/noun	schurk/noun	met/prep	bluesy/noun	mens/noun	volk/noun	nicht_DIM/noun	ik/pron	lief/noun	tackle/noun	dat/det	kwasi/adj	daad/noun	gevoel/noun	val/noun	kop/noun	kanker/noun	racist/noun	charmant/adj	lek/noun	complot/noun	heel/adv	hij/pron	stroper/noun	machine/noun	recht/noun	deler/noun	naar/adj	virus/noun	overval/noun	trap/noun	tante/noun	vaak/adj	portret/noun	wat/adv	beetje/noun	veelvoud/noun	ronduit/adv	chef/noun	sprookje/noun	veel/adj	Chantal/name	jood/noun	iets/adv	drempel/noun	sheriff/noun	spel/noun	paal_DIM/noun
windstoot/noun	0.0	0.8793887	0.89644235	0.89488184	0.80664897	0.887205	0.87051135	0.9086709	0.9082745	0.86077523	0.8443779	0.85396284	0.9167857	0.9103898	0.8685309	0.8883619	0.8996421	0.89580846	0.8147509	0.82749224	0.9126582	0.9286645	0.9095173	0.9073066	0.9169227	0.8575237	0.8406832	0.90781224	0.8271507	0.8544717	0.8986713	0.8464	0.8400529	0.9390037	0.93071294	0.8740072	0.91485053	0.90071654	0.80029887	0.87125725	0.88963914	0.92356765	0.93425465	0.9221137	0.8930861	0.9254242	0.89356697	0.89755136	0.8800512	0.9419238	0.89943165	0.89511156	0.8524983	0.8533044	0.88698417	0.8564322	0.8724172	0.8422859	0.8958893	0.88608617	0.9068091	0.95668125	0.9127341	0.9116587	0.9375288	0.90941995	0.8579115	0.9148051	0.89943373	0.9025223	0.8652416	0.9441479	0.85900795	0.92743516	0.83975375	0.8036878	0.8491976	0.90909666	0.8246866	0.8475863	0.93102944	0.89379704	0.91183656	0.85962725	0.93462247	0.86470914	0.9265417	0.9184407	0.9231547	0.9223451	0.85710883	0.9039732	0.8649082	0.92132753	0.9089302	0.89607054	0.8289698	0.89717793	0.9358979	0.9213545	0.8129858	0.92678314	0.8642171	0.88383406	0.893462	0.8274101	0.95514256	0.9257107	0.8489731	0.8405502	0.87528276	0.86668897	0.9176691	0.8397374	0.9319534	0.8154534	0.89099824	0.8710911	0.88439536	0.95888495	0.9187127	0.8381573	0.9332341	0.92861474	0.84774333	0.8678438	0.90415967	0.89490557	0.8388864
bijzonder/adj	0.8793887	0.0	0.72115886	0.8444411	0.8683131	0.9041884	0.8924754	0.8898306	0.7295572	0.6088344	0.81097037	0.88369596	0.7859471	0.915677	0.7136749	0.68843544	0.7074787	0.833741	0.7934278	0.87839675	0.7743395	0.85160494	0.7370748	0.9265722	0.8426446	0.8129149	0.8857482	0.8881798	0.9022875	0.8420864	0.7216059	0.81640106	0.817565	0.9250922	0.8598516	0.6407872	0.8253317	0.8419187	0.8807686	0.8890165	0.8409289	0.8405855	0.8175162	0.78738	0.7886495	0.75164366	0.63447446	0.8239138	0.48931235	0.9014479	0.8002578	0.89120054	0.70607954	0.9114104	0.8377011	0.8550572	0.81318724	0.87515146	0.8245409	0.8839614	0.8915359	0.83441406	0.71946967	0.81063336	0.86198264	0.7934256	0.71402395	0.91803855	0.87252164	0.6868305	0.8767444	0.9151457	0.8517685	0.8642338	0.872772	0.86621666	0.68940353	0.56003606	0.8618764	0.60397226	0.9150545	0.84937334	0.8411233	0.8111533	0.83282316	0.8080542	0.8664323	0.8939588	0.80011106	0.85003865	0.85502267	0.7544123	0.79966295	0.84735537	0.788923	0.92538226	0.9264414	0.8891301	0.8882424	0.6673933	0.89624566	0.8792658	0.4684435	0.8291619	0.8772317	0.82081795	0.87368584	0.87355304	0.7897371	0.86850154	0.9033183	0.90843743	0.85903984	0.71048725	0.757457	0.6575972	0.7539758	0.84044707	0.63805294	0.8901299	0.78105116	0.6279407	0.89576447	0.914359	0.7455067	0.8547369	0.894472	0.7160194	0.9047174
hoe/adj	0.89644235	0.72115886	0.0	0.8766284	0.9015854	0.8692723	0.8976174	0.8365322	0.6353922	0.7418084	0.8051261	0.90492487	0.7652142	0.9178762	0.81184375	0.6910059	0.76962805	0.64827514	0.8522801	0.8753322	0.76403725	0.9108076	0.76349986	0.8967028	0.864182	0.8149913	0.9084681	0.8331075	0.9183784	0.8210678	0.7488545	0.75540674	0.8809094	0.95371103	0.77522665	0.50494975	0.8802478	0.82601064	0.90884954	0.89115506	0.84881175	0.85418326	0.7774292	0.8374734	0.74853534	0.5847959	0.64489484	0.869489	0.71411264	0.9187321	0.8514487	0.8504006	0.79644156	0.92528874	0.7970079	0.8790809	0.607475	0.8963534	0.81458193	0.8495112	0.86727065	0.85868615	0.6057656	0.83314383	0.7756016	0.7825688	0.79859835	0.92538995	0.89294076	0.6605682	0.8900934	0.8910804	0.84332347	0.87540495	0.8154793	0.87875456	0.75746435	0.64453524	0.8667812	0.69595814	0.8812263	0.82122695	0.8375306	0.8520292	0.90509313	0.6960495	0.83374345	0.86712104	0.6121075	0.77501655	0.88453406	0.63653374	0.8556397	0.804625	0.733518	0.90649885	0.89606744	0.83237916	0.8271876	0.80370736	0.87004465	0.8398408	0.5887961	0.69309616	0.8706076	0.8184368	0.8800371	0.88950384	0.78109705	0.8126994	0.9149558	0.9113016	0.8315711	0.68084276	0.84928656	0.6774262	0.7158922	0.88829273	0.7586117	0.9078985	0.7909854	0.6745804	0.8924069	0.8812405	0.72662497	0.87968826	0.88133913	0.8171096	0.89552784
stem/noun	0.89488184	0.8444411	0.8766284	0.0	0.8595258	0.928905	0.87693065	0.90219223	0.8820395	0.81604135	0.8479871	0.82222533	0.86272824	0.91896695	0.7915987	0.8701436	0.82546955	0.8739954	0.8453415	0.8870909	0.82747203	0.8958652	0.880995	0.9021674	0.8225311	0.820484	0.9101752	0.8692925	0.910833	0.847428	0.8811453	0.83622265	0.88079554	0.8869389	0.8606055	0.84403014	0.79403025	0.8695601	0.91982806	0.87242573	0.7891708	0.8815224	0.92474	0.8069912	0.8521272	0.84645545	0.860179	0.7921978	0.81666493	0.9304848	0.85842705	0.8645936	0.8196049	0.9061431	0.85362804	0.8524565	0.8175933	0.83069515	0.79082775	0.8349539	0.8842722	0.86277217	0.85801893	0.84318185	0.8754845	0.83295834	0.6585492	0.7912504	0.89719963	0.8768559	0.93915457	0.9293622	0.9412236	0.84247035	0.855922	0.9064851	0.87265146	0.8553101	0.88153875	0.84353983	0.91921324	0.86285394	0.87012416	0.83647585	0.8007433	0.79470307	0.82051015	0.85431796	0.8670113	0.85259646	0.8885702	0.8709669	0.87161684	0.87842846	0.80784976	0.9254274	0.87491655	0.899187	0.848533	0.8059251	0.9280269	0.881799	0.83370155	0.8324733	0.91081357	0.8516644	0.85352427	0.8948965	0.85367817	0.92118776	0.93981254	0.88455427	0.87732804	0.8375716	0.8297523	0.8003669	0.8744124	0.8348296	0.81729156	0.9108695	0.8462188	0.8314806	0.82631564	0.861137	0.79478735	0.8532249	0.9164538	0.82492006	0.90946585
helling/noun	0.80664897	0.8683131	0.9015854	0.8595258	0.0	0.9021001	0.89455223	0.9064842	0.9156319	0.8836375	0.9010077	0.7366384	0.90195817	0.92030615	0.8845052	0.8933454	0.8658301	0.92898405	0.8537456	0.73822635	0.90159947	0.90079653	0.891368	0.9262325	0.8958862	0.87720555	0.8320169	0.9019633	0.6908674	0.75023955	0.8717729	0.82233167	0.7613356	0.8978403	0.9129427	0.8741048	0.92094773	0.87691605	0.6354312	0.82515526	0.77071255	0.90391386	0.9000236	0.89984167	0.85914016	0.89719903	0.88856125	0.87201583	0.8335243	0.91831505	0.88171065	0.87737453	0.85266703	0.7407601	0.87392014	0.8267643	0.8556056	0.8649364	0.8651567	0.86658823	0.86867595	0.9040422	0.9068287	0.88714594	0.9146221	0.9059778	0.841983	0.8730875	0.8629906	0.87149125	0.8628831	0.9227542	0.9274976	0.89917576	0.8193853	0.727193	0.8306591	0.88669896	0.8131711	0.85608506	0.90655	0.8741143	0.9053086	0.8364973	0.91766006	0.8431989	0.8887967	0.898955	0.878514	0.8509321	0.86155	0.8878049	0.8087491	0.92978805	0.90515316	0.8381511	0.74597514	0.93163437	0.8920162	0.87778443	0.8017676	0.89961994	0.84609985	0.8660157	0.8753096	0.798858	0.9139883	0.9114716	0.7992348	0.8836156	0.9122254	0.6981345	0.88697237	0.86149156	0.9128022	0.7737604	0.85675997	0.8753447	0.8872422	0.93524116	0.9058101	0.83092654	0.8894601	0.8981062	0.8055399	0.7810166	0.8984417	0.87856287	0.7057332
ziektekiem/noun	0.887205	0.9041884	0.8692723	0.928905	0.9021001	0.0	0.9219999	0.8870838	0.8809584	0.8474242	0.88607395	0.9291277	0.87678254	0.9330796	0.8971105	0.8361013	0.8792922	0.8566148	0.85749054	0.88880503	0.872216	0.9238087	0.8759991	0.8444967	0.9506647	0.8611331	0.93210894	0.88550943	0.8555247	0.8908073	0.77477896	0.88263947	0.8734893	0.97229904	0.8833008	0.8622805	0.89801395	0.8524089	0.8934009	0.9187516	0.88976675	0.8770363	0.866826	0.8977365	0.826326	0.83862275	0.8965961	0.9284608	0.8877938	0.8919496	0.9140644	0.85281944	0.88236505	0.89222634	0.9071013	0.88361096	0.81957126	0.8796548	0.92877555	0.88344723	0.92268157	0.9443711	0.8464629	0.8951807	0.9131095	0.89617854	0.8781707	0.9233492	0.8711233	0.892671	0.8698923	0.94421375	0.82836497	0.94854504	0.8221954	0.8680551	0.8925282	0.89229625	0.7925346	0.8641418	0.9249238	0.8118526	0.8751958	0.8804543	0.9391111	0.774845	0.88136035	0.92029196	0.8957016	0.9039984	0.91799396	0.8601954	0.8953235	0.8984697	0.89058745	0.900386	0.9170818	0.74022156	0.8767221	0.93332005	0.813957	0.8881118	0.85826564	0.88052034	0.84656656	0.8415612	0.87956274	0.8999714	0.8968526	0.57698214	0.91199917	0.92379844	0.90949816	0.80168045	0.94833183	0.88504374	0.8970712	0.8665738	0.93341964	0.9331266	0.9135737	0.81583303	0.9461506	0.87742114	0.8913905	0.88765013	0.92426956	0.90941906	0.89877355
kop_stoot/noun	0.87051135	0.8924754	0.8976174	0.87693065	0.89455223	0.9219999	0.0	0.8796994	0.8973047	0.91432095	0.89991665	0.8661052	0.9103132	0.6433462	0.90669256	0.90933096	0.9014987	0.89780134	0.8819126	0.8978463	0.9055569	0.92879254	0.9149828	0.9220099	0.8909092	0.91839504	0.6775135	0.91489524	0.88236034	0.8580787	0.93037736	0.8783163	0.9247015	0.84460956	0.8962907	0.88281685	0.9129503	0.84179574	0.8780593	0.83125335	0.839407	0.88093746	0.89311653	0.8995802	0.90179366	0.91017437	0.890632	0.9027903	0.8987929	0.93022674	0.90865004	0.8119225	0.88309985	0.8794635	0.8602535	0.792123	0.84308416	0.7760362	0.8429165	0.8203505	0.8519639	0.82825655	0.92074406	0.89573073	0.9224133	0.83895934	0.88414836	0.82382774	0.8714618	0.8988314	0.8023049	0.90651715	0.85639274	0.8814107	0.8820872	0.7859936	0.90787923	0.8895531	0.86963534	0.883477	0.8828897	0.8848078	0.87177306	0.84280384	0.93518734	0.9249608	0.92890906	0.8694439	0.8877046	0.8631431	0.6636226	0.9002348	0.8492137	0.8887591	0.8903462	0.8511174	0.8532414	0.9099273	0.86912644	0.84101665	0.84749824	0.8732382	0.8918758	0.80183065	0.8883248	0.8977317	0.9280938	0.94095826	0.89313	0.90454453	0.8269015	0.6379181	0.85820913	0.8784568	0.8743204	0.8749589	0.9086205	0.889276	0.864462	0.8988674	0.89630735	0.90625024	0.83913296	0.90623516	0.89097214	0.89807206	0.88620955	0.84310913	0.8245343
bedrieger/noun	0.9086709	0.8898306	0.8365322	0.90219223	0.9064842	0.8870838	0.8796994	0.0	0.84937084	0.8816414	0.8952497	0.89779586	0.84339243	0.8844359	0.87636906	0.8151443	0.8400026	0.8262174	0.8917275	0.886435	0.85916245	0.9179226	0.8528186	0.886952	0.8931839	0.8644821	0.8980975	0.89522755	0.88655233	0.85840243	0.8465153	0.86353076	0.87965435	0.9401047	0.83458835	0.8343283	0.9027197	0.85939336	0.9148074	0.8937142	0.84982556	0.82752264	0.86905175	0.8830612	0.82847863	0.80755615	0.87126106	0.9239436	0.8932723	0.91074157	0.88190114	0.8544296	0.88489413	0.9052429	0.89729565	0.8546963	0.7696783	0.87433094	0.86134064	0.83688885	0.89255905	0.8819503	0.84684193	0.8271423	0.8993218	0.8615123	0.8728143	0.86187935	0.89613336	0.81951046	0.93347263	0.8768562	0.8782594	0.88405085	0.8473457	0.8872951	0.8666974	0.8770097	0.8584124	0.84745646	0.87207305	0.833378	0.7854948	0.88733315	0.9392821	0.81944853	0.84877324	0.8735678	0.827684	0.8488317	0.8806239	0.836924	0.8805649	0.8549609	0.88474715	0.92079276	0.9069869	0.8825896	0.7815949	0.84013313	0.83632016	0.83639026	0.8641469	0.79253495	0.8117211	0.8721578	0.8896895	0.9054512	0.89032483	0.8494203	0.90903616	0.9027878	0.87516034	0.8003148	0.86831385	0.86266494	0.8635568	0.88533866	0.87413156	0.92315936	0.8565476	0.8396186	0.89439183	0.84938395	0.8680397	0.9052347	0.86611015	0.87848425	0.88937986
wel/adv	0.9082745	0.7295572	0.6353922	0.8820395	0.9156319	0.8809584	0.8973047	0.84937084	0.0	0.7246225	0.82385087	0.9135426	0.7625263	0.92331815	0.7667927	0.4712733	0.89757943	0.57147574	0.8788645	0.89799124	0.80518246	0.91542184	0.83699507	0.90675855	0.8851794	0.8312489	0.9096914	0.8526732	0.91765344	0.8160711	0.80545706	0.7786261	0.8977056	0.9440947	0.8053869	0.6231289	0.8967309	0.8795141	0.92032254	0.84869945	0.8184984	0.88254625	0.8324512	0.84953195	0.67255306	0.5573137	0.6355163	0.86909217	0.820068	0.9367244	0.9318936	0.8344823	0.8297318	0.927196	0.83228517	0.86265004	0.5712275	0.88619095	0.811974	0.88866746	0.8635932	0.84868425	0.747033	0.8245934	0.80399966	0.74013907	0.8274256	0.94134355	0.86636454	0.56298405	0.87612414	0.8824666	0.85951513	0.89224064	0.78214437	0.8819985	0.7714107	0.5848517	0.8594416	0.6607294	0.87451583	0.817979	0.86253786	0.8782959	0.8997446	0.7122314	0.8527409	0.89257854	0.46522492	0.79080087	0.8920106	0.50398725	0.8393514	0.85181534	0.7548183	0.96059304	0.9009707	0.8993697	0.79544693	0.79726547	0.8780882	0.86561483	0.5277169	0.6602588	0.88011104	0.87584025	0.89152396	0.920296	0.801602	0.87074983	0.9378668	0.9321225	0.8415909	0.6922651	0.9365839	0.62488484	0.57109386	0.87982816	0.7969567	0.93609285	0.84022045	0.6595514	0.92086047	0.9180775	0.6934322	0.876407	0.8696941	0.8156517	0.8867101
min/adj	0.86077523	0.6088344	0.7418084	0.81604135	0.8836375	0.8474242	0.91432095	0.8816414	0.7246225	0.0	0.81639767	0.8825604	0.82335913	0.913617	0.74802995	0.6798201	0.7985575	0.79178494	0.800437	0.89245903	0.81913227	0.89303863	0.79392934	0.89478076	0.8844168	0.8045537	0.87329656	0.8835201	0.9264931	0.78191245	0.80597776	0.7328513	0.8679361	0.9444131	0.87409484	0.59730303	0.8240268	0.84348065	0.88525337	0.85993	0.80091214	0.8858648	0.85005796	0.808805	0.81942314	0.7745657	0.6623906	0.87429166	0.63511115	0.87275445	0.89391077	0.8434744	0.5591177	0.9023366	0.8720269	0.829889	0.782699	0.8593989	0.8451577	0.88345045	0.89226943	0.83964837	0.73973083	0.81732786	0.8493885	0.82933074	0.77780306	0.86480343	0.87121224	0.7308089	0.8602064	0.8962988	0.80324745	0.90706825	0.84423864	0.8685957	0.798442	0.6717495	0.856701	0.63794637	0.9080377	0.84468544	0.8412489	0.8240942	0.86390775	0.7421884	0.8797756	0.90240747	0.8023659	0.8649038	0.8636797	0.7328915	0.8389964	0.8531955	0.81586206	0.90871954	0.91114116	0.84696484	0.85524535	0.77175546	0.8689828	0.87047195	0.58529675	0.83392173	0.84555066	0.817124	0.8746852	0.8832681	0.7747247	0.8265066	0.9172672	0.9267279	0.89169604	0.6422745	0.8781911	0.6258428	0.77778804	0.7881951	0.7337189	0.9131913	0.8296895	0.56485534	0.9359929	0.8755342	0.5150433	0.825331	0.9050403	0.73431957	0.9193879
reactie/noun	0.8443779	0.81097037	0.8051261	0.8479871	0.9010077	0.88607395	0.89991665	0.8952497	0.82385087	0.81639767	0.0	0.8963873	0.8338369	0.8915857	0.75372976	0.7782807	0.7964969	0.7169771	0.7985284	0.9219074	0.8312336	0.77856714	0.83309776	0.92408735	0.88939404	0.8909769	0.9078698	0.87171996	0.9415872	0.85334396	0.8212081	0.83716804	0.8803302	0.9400514	0.8989355	0.7880238	0.7879423	0.80782586	0.91812515	0.91558677	0.85819393	0.90411687	0.8080927	0.8349504	0.86498237	0.8125326	0.84753877	0.9264132	0.7810312	0.9135314	0.9178483	0.8459997	0.8361916	0.934426	0.8524437	0.8131778	0.8225641	0.82998806	0.85249007	0.8960802	0.8809697	0.911416	0.78772545	0.7083985	0.7188283	0.57059026	0.823517	0.88053906	0.9236984	0.8410703	0.8710121	0.93307966	0.8355862	0.8908785	0.82383394	0.8412374	0.87684274	0.79561836	0.871457	0.6864352	0.90728736	0.88576543	0.87405986	0.87838644	0.9355362	0.8205085	0.8284406	0.90005153	0.81632155	0.88318205	0.8567069	0.80063283	0.86632544	0.78666544	0.76082766	0.8717052	0.86738056	0.8767288	0.8188493	0.85368824	0.83797526	0.796071	0.7713634	0.8019902	0.9255675	0.90432835	0.89576	0.8783299	0.8634122	0.8698807	0.89406854	0.9286468	0.8959177	0.76861	0.87402135	0.8194802	0.8120241	0.8766004	0.7336153	0.86327934	0.88535804	0.81382346	0.894677	0.8357987	0.8417555	0.8801437	0.9221504	0.85871524	0.89912283
blok/noun	0.85396284	0.88369596	0.90492487	0.82222533	0.7366384	0.9291277	0.8661052	0.89779586	0.9135426	0.8825604	0.8963873	0.0	0.86284614	0.91147566	0.85443914	0.88196445	0.82121605	0.92420727	0.8053007	0.8135076	0.9059098	0.89487326	0.8861975	0.9374218	0.88304126	0.8905373	0.8405904	0.8981402	0.76637423	0.82149315	0.8289667	0.814675	0.8567965	0.9014426	0.9185947	0.8802701	0.8465104	0.8665496	0.75382113	0.7999668	0.772226	0.8643916	0.8957866	0.8642043	0.8543196	0.89531094	0.8707354	0.88759726	0.8353784	0.90992385	0.8644547	0.8433792	0.84861875	0.7228186	0.89565164	0.73978364	0.81820977	0.8796256	0.87010884	0.8252565	0.8573532	0.88227946	0.87694424	0.8752267	0.9212851	0.8898394	0.84257066	0.8126237	0.82771313	0.90925914	0.8905808	0.9417199	0.9386978	0.9002762	0.8158941	0.858789	0.81538427	0.8988926	0.81326264	0.85144067	0.88273543	0.8261851	0.85191345	0.81713223	0.93262327	0.8870724	0.8724643	0.89060587	0.8896711	0.8692869	0.8372434	0.91607106	0.79783523	0.91827303	0.8802847	0.8908606	0.7999369	0.9268626	0.88907254	0.8404125	0.8501643	0.83668303	0.8741756	0.86003876	0.8884712	0.75252306	0.89206874	0.8842119	0.8300016	0.88836175	0.89549613	0.7162577	0.87784165	0.8643493	0.8991927	0.8183061	0.8753645	0.8657362	0.8245541	0.8980354	0.8881041	0.8555809	0.8930781	0.873008	0.8539291	0.8080232	0.9029437	0.79634464	0.70681894
spel_DIM/noun	0.9167857	0.7859471	0.7652142	0.86272824	0.90195817	0.87678254	0.9103132	0.84339243	0.7625263	0.82335913	0.8338369	0.86284614	0.0	0.9061075	0.76865053	0.72241753	0.7578432	0.8574838	0.80463386	0.872184	0.6888014	0.88435477	0.84608126	0.89841497	0.8114733	0.75779575	0.90381956	0.8735424	0.8844038	0.822133	0.6800488	0.8009612	0.85246325	0.89657015	0.8554965	0.73444426	0.80137193	0.80950326	0.9084329	0.86457014	0.86067575	0.8267469	0.8306877	0.8717623	0.6932347	0.6433978	0.80272025	0.8272462	0.8087326	0.82010543	0.8364003	0.8372782	0.85355514	0.91208935	0.8367187	0.8294696	0.71855366	0.8652867	0.8241252	0.8574859	0.84643775	0.8451021	0.7236751	0.83283365	0.82030904	0.7759001	0.7389329	0.8805734	0.798407	0.71560097	0.86320144	0.87377214	0.8981381	0.8389208	0.77985895	0.86540216	0.7885668	0.70348895	0.8268561	0.77886456	0.8719418	0.7504131	0.782987	0.7740234	0.8627506	0.75919724	0.86268204	0.8210288	0.72991323	0.7858979	0.8481842	0.77845675	0.81435966	0.84773797	0.8061757	0.90600634	0.87565213	0.88361526	0.8102876	0.76162285	0.8519743	0.7761637	0.7258754	0.78224754	0.8518015	0.7440325	0.89961135	0.88835216	0.826823	0.7731913	0.8887177	0.8982365	0.78156435	0.7324791	0.84300137	0.7639006	0.7375688	0.8590735	0.7663963	0.8948595	0.68685883	0.7774788	0.89056873	0.8828624	0.8169965	0.8602513	0.8571981	0.5575179	0.869969
elleboog_stoot/noun	0.9103898	0.915677	0.9178762	0.91896695	0.92030615	0.9330796	0.6433462	0.8844359	0.92331815	0.913617	0.8915857	0.91147566	0.9061075	0.0	0.9196693	0.9188467	0.9107606	0.9076338	0.89967054	0.93489534	0.9195346	0.9319593	0.8998966	0.91904616	0.9087555	0.9241397	0.8277597	0.930277	0.91795295	0.8996229	0.9194219	0.90502125	0.93963706	0.85043573	0.9174997	0.90725565	0.9158355	0.845737	0.9213007	0.8832504	0.86314785	0.9027876	0.9241158	0.9269496	0.9149696	0.9245833	0.9270382	0.9344134	0.9280638	0.91097736	0.92710614	0.77339965	0.8898429	0.9161171	0.87241685	0.76987404	0.8531306	0.6718941	0.8654702	0.88519454	0.8795755	0.81143576	0.9254395	0.8976535	0.9260991	0.8476403	0.93065345	0.85175496	0.9169054	0.9098472	0.71866727	0.91295946	0.8596389	0.88638765	0.90980905	0.7635492	0.9343848	0.914836	0.89820933	0.89054555	0.8838997	0.92576414	0.86982536	0.8914757	0.95705014	0.90672153	0.9358401	0.9002036	0.8884378	0.908274	0.61751616	0.9264126	0.8777736	0.8809614	0.9308988	0.85692143	0.9241529	0.91631556	0.86224324	0.8963084	0.84553826	0.8533347	0.9273087	0.8094918	0.90245134	0.91478056	0.93592805	0.92601603	0.9223237	0.92217076	0.8827128	0.76644945	0.911798	0.9003886	0.9078417	0.9172809	0.9242048	0.91389966	0.8968981	0.9088722	0.92699754	0.91316384	0.8533546	0.9249317	0.92919815	0.94843113	0.86811626	0.8602493	0.8935793
ondertoon/noun	0.8685309	0.7136749	0.81184375	0.7915987	0.8845052	0.8971105	0.90669256	0.87636906	0.7667927	0.74802995	0.75372976	0.85443914	0.76865053	0.9196693	0.0	0.7744421	0.6853992	0.83426714	0.710761	0.8675468	0.7124755	0.88144326	0.73921543	0.90812397	0.8105901	0.8518698	0.90822774	0.8921308	0.9089781	0.8466355	0.7264193	0.7741015	0.8763841	0.91994214	0.8145985	0.7641828	0.84769803	0.788507	0.917976	0.8729487	0.8656012	0.8428732	0.85690635	0.7263172	0.79008126	0.780513	0.77324015	0.79464823	0.7277668	0.8887237	0.8225992	0.88228506	0.7718123	0.89552027	0.7717781	0.8541944	0.8062248	0.8900152	0.76974106	0.86902493	0.859069	0.9058484	0.7702391	0.7673138	0.8638818	0.7339184	0.63838816	0.8686345	0.87129796	0.8013648	0.8687991	0.8810026	0.86570144	0.83854294	0.8363672	0.872172	0.8174701	0.76903856	0.83659106	0.6925126	0.88473624	0.87145984	0.79839087	0.8298099	0.7948266	0.8353728	0.84988046	0.8735448	0.82188594	0.8228921	0.8799324	0.80686057	0.8311063	0.8179013	0.6763755	0.91679615	0.8743776	0.8852336	0.82989794	0.7025638	0.9088498	0.83112895	0.71649295	0.804355	0.8770281	0.8737016	0.9185323	0.87732214	0.7970356	0.8521215	0.91543984	0.90528643	0.85014963	0.73334265	0.7707048	0.7283055	0.7506784	0.8603953	0.7189216	0.8988968	0.72665215	0.7971047	0.8980802	0.85819405	0.7540212	0.87817883	0.8592702	0.7699181	0.9030878
ook/adv	0.8883619	0.68843544	0.6910059	0.8701436	0.8933454	0.8361013	0.90933096	0.8151443	0.4712733	0.6798201	0.7782807	0.88196445	0.72241753	0.9188467	0.7744421	0.0	0.81008583	0.6244329	0.80114603	0.8969709	0.80726576	0.8504445	0.7846376	0.88850987	0.8369562	0.76877356	0.9021523	0.8368706	0.8869628	0.79479706	0.73845136	0.769747	0.8198944	0.9220787	0.8093694	0.6927023	0.82783234	0.8492279	0.8833761	0.82956403	0.7862346	0.8504343	0.80641365	0.8368298	0.7165976	0.66156113	0.7176286	0.87236154	0.79498786	0.8610136	0.862812	0.8026751	0.7737528	0.9043028	0.8579065	0.8370663	0.63154626	0.8445074	0.8357965	0.8969904	0.84015983	0.809342	0.7466342	0.79668915	0.7558377	0.73623526	0.7974988	0.9023393	0.8529232	0.63746536	0.84267515	0.8785825	0.81094176	0.867063	0.7938234	0.8662708	0.7823647	0.65468454	0.85828304	0.6369095	0.8744386	0.77052414	0.8530554	0.8435242	0.8841228	0.7210848	0.84283596	0.8553608	0.58554935	0.8013577	0.8809401	0.56003875	0.78983486	0.84268564	0.7719692	0.93884385	0.9112447	0.8551817	0.7873355	0.79050934	0.84383804	0.85205764	0.5845516	0.6910801	0.8301603	0.83569664	0.82868624	0.8740432	0.7945646	0.79841304	0.89228886	0.9203162	0.8475112	0.61034083	0.867659	0.681468	0.6965643	0.79857063	0.7718754	0.90802026	0.8182482	0.6099767	0.89203745	0.8778117	0.7338915	0.78745496	0.87756133	0.77207583	0.8563921
waarin/pp	0.8996421	0.7074787	0.76962805	0.82546955	0.8658301	0.8792922	0.9014987	0.8400026	0.89757943	0.7985575	0.7964969	0.82121605	0.7578432	0.9107606	0.6853992	0.81008583	0.0	0.8274536	0.7198843	0.81026113	0.69824934	0.7934562	0.68586725	0.8962903	0.73977625	0.80156696	0.9230577	0.86385274	0.8709398	0.80710137	0.6331011	0.78878284	0.8265337	0.9111315	0.7774339	0.8140682	0.8106223	0.8045962	0.87362474	0.8997338	0.8365141	0.78618056	0.85354745	0.8170293	0.82444257	0.8372924	0.8614031	0.8362553	0.7261346	0.8034005	0.72253025	0.8929527	0.7812692	0.8720025	0.84874624	0.8535826	0.8247969	0.871531	0.83846605	0.8626117	0.8850475	0.8510705	0.7579076	0.72652805	0.8392634	0.8012868	0.67683804	0.87119657	0.87363386	0.81056523	0.9080436	0.90830994	0.8391148	0.7877302	0.80890346	0.873702	0.7251732	0.83174086	0.84231853	0.72940123	0.88907063	0.84539217	0.762771	0.72737	0.8164262	0.82421184	0.7995336	0.84047264	0.89385116	0.84054273	0.89848596	0.85440606	0.7856176	0.82107687	0.7820991	0.89135945	0.86380726	0.86061454	0.818236	0.71122324	0.8647084	0.7621379	0.80221313	0.7921432	0.86350965	0.81954515	0.8286986	0.8318229	0.8101916	0.83828783	0.89437944	0.8871622	0.84145075	0.72312665	0.6401305	0.836198	0.85867953	0.80518544	0.74292976	0.8577225	0.6480507	0.82912254	0.87558895	0.7959682	0.8412835	0.86586595	0.8250256	0.753368	0.8825029
dat/comp	0.89580846	0.833741	0.64827514	0.8739954	0.92898405	0.8566148	0.89780134	0.8262174	0.57147574	0.79178494	0.7169771	0.92420727	0.8574838	0.9076338	0.83426714	0.6244329	0.8274536	0.0	0.83927935	0.9290234	0.8306669	0.80592763	0.7962818	0.8653923	0.887306	0.8851328	0.9258102	0.8301488	0.9522482	0.8712356	0.8358064	0.81611466	0.9130634	0.94703054	0.77868384	0.6759411	0.83913416	0.8090624	0.9365603	0.8801068	0.81836665	0.8751312	0.79039896	0.86209625	0.82263106	0.69910026	0.7609269	0.90951514	0.84972274	0.88903594	0.9439364	0.75638324	0.84528756	0.94002223	0.8605926	0.8273404	0.63335323	0.8092104	0.8442584	0.88975435	0.8593899	0.8962938	0.83026195	0.7008022	0.8065001	0.71085894	0.88661987	0.8915685	0.9296234	0.7196481	0.88673854	0.8824867	0.7661262	0.8845571	0.8244516	0.86382174	0.86921954	0.7585551	0.8849657	0.74360883	0.870499	0.8853847	0.830083	0.882185	0.9476491	0.7626957	0.8248486	0.8808034	0.5923001	0.8738769	0.9100399	0.558824	0.83843344	0.78584164	0.80923903	0.8908586	0.91712517	0.81213677	0.74513745	0.8747709	0.77571154	0.72602725	0.77308667	0.5849217	0.88193214	0.9105396	0.81023026	0.8825118	0.87340057	0.8136049	0.90358084	0.9596062	0.8878449	0.7288704	0.9247056	0.8300177	0.7747139	0.87478787	0.7766553	0.89445066	0.8711689	0.7583487	0.8837243	0.8439023	0.8016422	0.8408561	0.88310003	0.88246834	0.874401
inslag/noun	0.8147509	0.7934278	0.8522801	0.8453415	0.8537456	0.85749054	0.8819126	0.8917275	0.8788645	0.800437	0.7985284	0.8053007	0.80463386	0.89967054	0.710761	0.80114603	0.7198843	0.83927935	0.0	0.7949662	0.7751304	0.8648503	0.76726127	0.8794122	0.82730484	0.8331934	0.89455104	0.87002766	0.8553903	0.8252824	0.7088138	0.7929327	0.8281765	0.913925	0.824203	0.8373773	0.82367194	0.7836745	0.8437532	0.90978837	0.8300358	0.8239063	0.8643241	0.7440423	0.83461714	0.8523562	0.840901	0.8638485	0.7795192	0.8472543	0.8159859	0.8403424	0.8036262	0.8399441	0.8692229	0.8237928	0.8461062	0.84777784	0.8563366	0.8456484	0.87449205	0.85805243	0.81314045	0.78177035	0.88537455	0.83125365	0.72861314	0.830451	0.8601263	0.8350474	0.8839043	0.9272957	0.7802485	0.8500235	0.8025406	0.8113407	0.8401027	0.8503274	0.7946631	0.72728765	0.8993356	0.8404372	0.8039579	0.8048793	0.8684682	0.8070924	0.83051354	0.8635744	0.8885769	0.8387461	0.8728864	0.8279054	0.8118329	0.78122425	0.81583667	0.8295898	0.88196313	0.8332494	0.830737	0.7723684	0.7931266	0.7841556	0.8053729	0.861059	0.8457205	0.8204701	0.883143	0.8726606	0.81149095	0.79738414	0.82846504	0.8873351	0.87549794	0.7399311	0.80057585	0.84125906	0.85691863	0.80885446	0.7937508	0.86654735	0.76881385	0.8115972	0.8946081	0.7985885	0.8293776	0.84666526	0.8804407	0.8269995	0.85755074
woestijn/noun	0.82749224	0.87839675	0.8753322	0.8870909	0.73822635	0.88880503	0.8978463	0.886435	0.89799124	0.89245903	0.9219074	0.8135076	0.872184	0.93489534	0.8675468	0.8969709	0.81026113	0.9290234	0.7949662	0.0	0.85427564	0.88353986	0.83376837	0.9198028	0.8462372	0.8885545	0.89872056	0.8883692	0.63441396	0.8389878	0.83937657	0.7966745	0.73385656	0.91721845	0.8042438	0.866573	0.8973189	0.80230165	0.70264137	0.9128349	0.8341385	0.8164869	0.9322218	0.89217144	0.8416092	0.8835186	0.9028338	0.8990453	0.8470715	0.9130106	0.8444696	0.93253267	0.87271607	0.75536394	0.8552303	0.9115779	0.76710427	0.92437315	0.85332006	0.80182284	0.8429056	0.8845083	0.89027417	0.8962467	0.9462813	0.91088206	0.80501974	0.887028	0.8499242	0.8534355	0.92650497	0.9248303	0.926522	0.8536922	0.7833047	0.85289335	0.8076035	0.85827136	0.75098515	0.8609748	0.8934001	0.8284351	0.82860196	0.8376611	0.9018463	0.813499	0.80527616	0.8198863	0.85089433	0.8098303	0.9232063	0.9087925	0.8535628	0.8916966	0.86301404	0.84836173	0.82353866	0.8923771	0.87570757	0.83172894	0.81837434	0.84172416	0.8590624	0.8017782	0.84288126	0.8205548	0.92543864	0.92359436	0.8339056	0.8469999	0.9099684	0.85318565	0.81049013	0.811893	0.85909736	0.8317386	0.82905966	0.87142634	0.8773855	0.90581036	0.8025757	0.8517879	0.8995577	0.8152985	0.85583407	0.90104973	0.8438303	0.88489604	0.8180989
fantasie/noun	0.9126582	0.7743395	0.76403725	0.82747203	0.90159947	0.872216	0.9055569	0.85916245	0.80518246	0.81913227	0.8312336	0.9059098	0.6888014	0.9195346	0.7124755	0.80726576	0.69824934	0.8306669	0.7751304	0.85427564	0.0	0.9185388	0.7285823	0.8685168	0.8101992	0.7964512	0.9184091	0.8735851	0.88059014	0.8139676	0.7072785	0.76700443	0.86713547	0.9346843	0.7396134	0.7681427	0.8730979	0.7818083	0.904309	0.9021578	0.8696974	0.7934743	0.86525667	0.7696056	0.782614	0.7179544	0.82134247	0.8278173	0.807213	0.87619054	0.7827524	0.88234663	0.81599087	0.89766103	0.81551397	0.8775606	0.7635875	0.92435616	0.8059442	0.84197617	0.87920094	0.849554	0.73667294	0.7794705	0.8583845	0.7855176	0.6834388	0.8802918	0.89808947	0.7602467	0.92352337	0.90497345	0.8813784	0.824216	0.8062478	0.8924737	0.834707	0.7692486	0.8446087	0.71346635	0.8847055	0.8358746	0.78319097	0.808504	0.82407355	0.776641	0.82375276	0.82791924	0.79954344	0.812369	0.8859645	0.7808521	0.8479121	0.73391485	0.6298229	0.927575	0.8648436	0.8841351	0.81023026	0.7461846	0.89798987	0.80534506	0.75548106	0.79563236	0.8608942	0.79248184	0.86622524	0.8638625	0.80228007	0.83724415	0.9233631	0.8859417	0.82819194	0.71034	0.7662934	0.7669507	0.75500906	0.8373295	0.7965185	0.90499514	0.6151961	0.74806595	0.8910227	0.8542485	0.79979354	0.8705557	0.8800816	0.6968522	0.91204345
bespreking/noun	0.9286645	0.85160494	0.9108076	0.8958652	0.90079653	0.9238087	0.92879254	0.9179226	0.91542184	0.89303863	0.77856714	0.89487326	0.88435477	0.9319593	0.88144326	0.8504445	0.7934562	0.80592763	0.8648503	0.88353986	0.9185388	0.0	0.8795761	0.9640541	0.8826907	0.93028045	0.9313037	0.8803439	0.93378675	0.8742213	0.9157623	0.8926699	0.926413	0.9032661	0.9256155	0.8982986	0.6821768	0.8282597	0.9209723	0.9062361	0.87507886	0.91503835	0.77175397	0.91762954	0.9000711	0.9303306	0.93671143	0.95120156	0.81998193	0.88092214	0.91608286	0.8990633	0.8428578	0.90980023	0.93760145	0.8693522	0.89929175	0.892746	0.9342572	0.93820214	0.89507985	0.898407	0.90823257	0.8287734	0.8298936	0.7817352	0.90418595	0.838072	0.92981845	0.92614055	0.8733275	0.9403139	0.8986806	0.8652997	0.9209422	0.87427175	0.86929506	0.9284413	0.9166025	0.86921996	0.928799	0.93735325	0.9048257	0.8137934	0.93846905	0.93582815	0.8530918	0.9082875	0.92614144	0.9244611	0.9167513	0.88607526	0.8703531	0.8934723	0.9456805	0.8549543	0.9441945	0.93791604	0.90611136	0.8949307	0.85100377	0.78463924	0.9002975	0.8527756	0.9252908	0.9103663	0.87177145	0.9248767	0.9071014	0.9320622	0.83950037	0.93402576	0.92111343	0.8966123	0.87255275	0.8957708	0.95161456	0.8685001	0.86797476	0.81802666	0.89278376	0.8973346	0.892291	0.8960033	0.8964811	0.87859666	0.9195124	0.8722473	0.8922388
schrijnend/adj	0.9095173	0.7370748	0.76349986	0.880995	0.891368	0.8759991	0.9149828	0.8528186	0.83699507	0.79392934	0.83309776	0.8861975	0.84608126	0.8998966	0.73921543	0.7846376	0.68586725	0.7962818	0.76726127	0.83376837	0.7285823	0.8795761	0.0	0.86824274	0.8588964	0.8173131	0.90693	0.8435945	0.90674174	0.83572894	0.7539041	0.80075824	0.8480168	0.92648333	0.81201184	0.8173412	0.86647844	0.74389124	0.8961348	0.90220606	0.8387211	0.83900136	0.8324654	0.8569361	0.823004	0.79795426	0.84647185	0.8815439	0.7705916	0.9053613	0.83585	0.8193035	0.79806983	0.9251245	0.8256319	0.8575912	0.7962587	0.834024	0.8322696	0.8535324	0.8585523	0.85213745	0.8056589	0.80647784	0.83773285	0.8010711	0.80069613	0.89296716	0.9074957	0.8137231	0.8461274	0.9082947	0.70308757	0.82650685	0.8292769	0.8483278	0.8418889	0.8067652	0.859074	0.7553439	0.8871314	0.8813431	0.8435189	0.8312947	0.89908516	0.75225437	0.83662266	0.8539997	0.8459892	0.8463396	0.8734391	0.79595554	0.8408757	0.79396	0.7644547	0.8860836	0.92438996	0.80525345	0.8370554	0.7565867	0.849617	0.8265054	0.7805431	0.79712933	0.8709763	0.8715974	0.83626586	0.87291723	0.82308424	0.8428245	0.878538	0.91739315	0.8468796	0.660023	0.8094081	0.8433264	0.8462152	0.822902	0.7687673	0.9116479	0.7836352	0.7685145	0.87112343	0.8300671	0.83573973	0.8426908	0.8646809	0.8140835	0.8961741
syfilis/noun	0.9073066	0.9265722	0.8967028	0.9021674	0.9262325	0.8444967	0.9220099	0.886952	0.90675855	0.89478076	0.92408735	0.9374218	0.89841497	0.91904616	0.90812397	0.88850987	0.8962903	0.8653923	0.8794122	0.9198028	0.8685168	0.9640541	0.86824274	0.0	0.9210005	0.85088754	0.92308	0.89182	0.9288491	0.9036072	0.85585415	0.8679855	0.884191	0.96471304	0.88260216	0.8768398	0.9205293	0.8823486	0.9365102	0.935919	0.8812875	0.91161644	0.9267484	0.89677817	0.86839026	0.8706573	0.9096928	0.9178283	0.9218614	0.92238635	0.9007708	0.90750927	0.89507216	0.9267892	0.91021705	0.91696495	0.839	0.86156476	0.9040177	0.85995656	0.94591516	0.92126006	0.8968531	0.87277013	0.9374449	0.90786844	0.91207767	0.9408622	0.908881	0.9209111	0.90244824	0.9178381	0.82355964	0.90797675	0.9004932	0.8906844	0.9210667	0.9248864	0.85534006	0.89358693	0.9494364	0.9058813	0.89289534	0.9134183	0.9405107	0.835836	0.90472543	0.92456084	0.90011835	0.91795087	0.9345131	0.8527181	0.9276614	0.8901985	0.89035463	0.92079943	0.9296306	0.7167934	0.8887418	0.92062956	0.8843286	0.87590843	0.9055829	0.85116744	0.89405453	0.8998367	0.9178069	0.929053	0.90563047	0.7848019	0.9088122	0.9245938	0.8970206	0.8204112	0.91645914	0.91796154	0.9181572	0.8836442	0.9357074	0.9585107	0.9234662	0.8866148	0.95308775	0.8499439	0.8974959	0.91981006	0.9204146	0.90138555	0.9302872
Madonna/name	0.9169227	0.8426446	0.864182	0.8225311	0.8958862	0.9506647	0.8909092	0.8931839	0.8851794	0.8844168	0.88939404	0.88304126	0.8114733	0.9087555	0.8105901	0.8369562	0.73977625	0.887306	0.82730484	0.8462372	0.8101992	0.8826907	0.8588964	0.9210005	0.0	0.8605807	0.92054546	0.86103314	0.8856919	0.8180884	0.84113955	0.8449756	0.8799628	0.802562	0.82435966	0.8570057	0.8693288	0.83706635	0.8946815	0.8875596	0.8566839	0.7787696	0.9258277	0.8855529	0.8446267	0.8805675	0.92123914	0.886206	0.8790684	0.8070421	0.7350576	0.93371165	0.85929793	0.8948543	0.85859895	0.8895441	0.7514877	0.91214556	0.8130872	0.8062466	0.8617896	0.80196345	0.88040984	0.78757906	0.93406165	0.8653608	0.79053664	0.8208878	0.86340296	0.81927264	0.9216186	0.852684	0.92017007	0.7140807	0.8518311	0.8878576	0.8515974	0.8500136	0.80928105	0.8119432	0.9195879	0.8683398	0.7584971	0.8015144	0.80312335	0.86241305	0.8687211	0.7480765	0.8289241	0.7683641	0.88333833	0.88394856	0.84168124	0.8860897	0.88975954	0.91377234	0.895344	0.8601331	0.8348397	0.7066902	0.89320445	0.8384836	0.86876714	0.736263	0.8762161	0.8673446	0.9159589	0.91034496	0.8451105	0.87448215	0.9095112	0.894943	0.7716976	0.8098147	0.7063539	0.8666244	0.85344917	0.84666014	0.8182423	0.8240891	0.74893653	0.87908477	0.78391373	0.85892123	0.87518376	0.9169407	0.799333	0.86142427	0.8846114
volwassene/noun	0.8575237	0.8129149	0.8149913	0.820484	0.87720555	0.8611331	0.91839504	0.8644821	0.8312489	0.8045537	0.8909769	0.8905373	0.75779575	0.9241397	0.8518698	0.76877356	0.80156696	0.8851328	0.8331934	0.8885545	0.7964512	0.93028045	0.8173131	0.85088754	0.8605807	0.0	0.93481016	0.7850688	0.8884118	0.85250115	0.7649636	0.8230401	0.8734203	0.9063437	0.84868664	0.8154085	0.88227004	0.8526334	0.9167243	0.90472585	0.81974	0.8412321	0.9009727	0.89368093	0.8284027	0.80654633	0.84222996	0.9186707	0.8603126	0.8917752	0.84741753	0.8812144	0.8328624	0.9355824	0.8877303	0.87767345	0.73498046	0.8250015	0.86946094	0.7187488	0.88359106	0.80023444	0.7944673	0.8292027	0.89498526	0.85349166	0.83966446	0.92138296	0.8500565	0.8273521	0.9143879	0.88410074	0.8163785	0.8324172	0.86322683	0.8823158	0.8352611	0.79315424	0.82289976	0.8228193	0.9309676	0.850206	0.8427931	0.8052962	0.91519856	0.55834156	0.8573942	0.8123222	0.8027001	0.8285215	0.91722476	0.8565446	0.8432082	0.8530664	0.8555739	0.9339867	0.90947455	0.81117666	0.8488479	0.8320575	0.9098555	0.8930483	0.79556465	0.8173865	0.8759106	0.85318315	0.8496296	0.9028636	0.8391058	0.84416366	0.86476135	0.9369923	0.8199884	0.7063511	0.8788872	0.8388252	0.8315089	0.8052795	0.84240913	0.9157437	0.79169023	0.7776641	0.8872873	0.835257	0.8318842	0.8173301	0.88184124	0.8419913	0.9008437
schuiver/noun	0.8406832	0.8857482	0.9084681	0.9101752	0.8320169	0.93210894	0.6775135	0.8980975	0.9096914	0.87329656	0.9078698	0.8405904	0.90381956	0.8277597	0.90822774	0.9021523	0.9230577	0.9258102	0.89455104	0.89872056	0.9184091	0.9313037	0.90693	0.92308	0.92054546	0.93481016	0.0	0.9218919	0.86562485	0.8361612	0.9452943	0.89483726	0.9227783	0.8642796	0.9512052	0.8602814	0.9168986	0.87723345	0.8752023	0.8255816	0.82952607	0.90759027	0.92400557	0.92286026	0.90473986	0.901273	0.8849418	0.8878161	0.8628205	0.9344775	0.9230114	0.8158425	0.86796796	0.8569376	0.85874337	0.7927853	0.864611	0.85245466	0.8706138	0.88792855	0.91224873	0.8936184	0.90873337	0.92830366	0.9565589	0.8733885	0.8894034	0.80492425	0.9019715	0.9108643	0.81070507	0.9468414	0.9067908	0.907557	0.9096383	0.724446	0.9117257	0.87921077	0.87246895	0.87016857	0.8911567	0.9107534	0.8971317	0.8606628	0.92233294	0.9069882	0.94181126	0.9222406	0.89780134	0.8788227	0.76199895	0.91378504	0.8289762	0.89578575	0.92552644	0.8159965	0.85449183	0.9140712	0.9078179	0.8911464	0.8440044	0.91521734	0.86384094	0.83741724	0.8830315	0.88787085	0.96268314	0.95350564	0.88576734	0.89439857	0.9067441	0.654459	0.897124	0.884569	0.91999054	0.82832146	0.88401186	0.92528987	0.86712515	0.94116503	0.90496075	0.88461727	0.875719	0.9455278	0.8621904	0.89579564	0.91646653	0.81517315	0.84895855
pleeg_ouder/noun	0.90781224	0.8881798	0.8331075	0.8692925	0.9019633	0.88550943	0.91489524	0.89522755	0.8526732	0.8835201	0.87171996	0.8981402	0.8735424	0.930277	0.8921308	0.8368706	0.86385274	0.8301488	0.87002766	0.8883692	0.8735851	0.8803439	0.8435945	0.89182	0.86103314	0.7850688	0.9218919	0.0	0.8743882	0.8809079	0.86004794	0.851523	0.87623316	0.9209044	0.85619307	0.86743575	0.89626515	0.8654685	0.9066902	0.88324666	0.8709081	0.8417079	0.86901724	0.8794312	0.84241784	0.838662	0.89794666	0.9324143	0.8867968	0.8997016	0.90779495	0.904216	0.87055707	0.87136346	0.8924042	0.87046957	0.70755947	0.8962927	0.8715256	0.8109073	0.89542925	0.8588329	0.867946	0.8552302	0.87524307	0.870816	0.8947545	0.8681178	0.92000675	0.85307205	0.88175964	0.89322805	0.8474823	0.8297041	0.8634132	0.8966249	0.8949141	0.8153023	0.8389701	0.8527966	0.9032292	0.8383912	0.8400606	0.8361943	0.9224639	0.7598641	0.8692843	0.787462	0.78460115	0.81338376	0.92584455	0.8400612	0.8876981	0.8780051	0.8559499	0.9307215	0.9310761	0.8520827	0.8420006	0.8647089	0.88058335	0.88086283	0.85450697	0.7556346	0.88841087	0.8947659	0.8126217	0.94998085	0.8552984	0.8700503	0.9016534	0.9151736	0.7437631	0.7806692	0.89098537	0.85373545	0.85771126	0.8752893	0.88921034	0.8891205	0.8537641	0.83406603	0.8455546	0.83718556	0.86329365	0.8526116	0.8586271	0.9045655	0.8692227
