	kinderachtig/adj	word/verb	die/pron	flyers/noun	surrealistisch/adj	zulk/det	aantal/noun	tv/noun	stem/noun	affiche/noun	bijtend/adj	letter_DIM/noun	geweigerd/adj	advertentie/noun	combineer/verb	Australisch/adj	vol/prep	detective/noun	verblind/adj	plaats/noun	flankeer/verb	geplaatst/adj	wereld_top/noun	ernst/noun	lijk/verb	wapen/noun	heb_op/verb	oog/noun	hoor/verb	voorwerp/noun	samenleving/noun	sla_gade/verb	centraal/adj	laat_los/verb	voeg_toe/verb	halfnaakt/adj	groot_macht/noun	niet_commercieel/adj	radio/noun	ingehouden/adj	PROV/name	minachting/noun	symboliek/noun	die/det	gehard/adj	storend/adj	vol/adj	begin/verb	priem/verb	kaars/noun	licht/prefix	slechts/adv	ben_uit/verb	verholen/adj	moet_in/verb	plafond/noun	studio/noun	en/vg	gekleurd/adj	1ste/num	beperkt/adj	accent/noun	nostalgie/noun	prognose/noun	enig/det	drijf/verb	jazz/noun	in/prep	wat/det	hang/verb	schemer_door/verb	ironie/noun	tafereel/noun	mild/adj	pose/noun	helder/adj	precies/adv	welk/det	3de/num	Euro2000/name	waarvoor/pp	Aalsterse/adj	omgeving/noun	zweem/noun	schrijven/noun	vrolijk/adj	zie/verb	eenzaam/adj	kijk_terug/verb	wereld_pers/noun	terloops/adj	verander/verb	loop/verb	met/prep	blijf_achter/verb	reeks/noun	op/prep	verwondering/noun	door/prep	maak/verb	dergelijk/adj	macho/noun	één/pron	tafel/noun	vooroordeel/noun	ingebouwd/adj	licht/adj	gebruik/verb	discriminatie/noun	waarschuw/verb	ander/adj	licht/noun	publiek/adj	ere_plaats/noun	hang_op/verb	alle/det	voor/prep	humor/noun	onder/prep	ontlok/verb	van/prep	de/det	kom_over/verb	hoon/noun	Nederlandstalig/adj	ragfijn/adj	richt/verb	Romein/noun	eentje/pron	Istanboel/name	goedmoedig/adj	zijn/det	Engelstalig/adj	introduceer/verb	verdwijn/verb	fel/adj	loper/noun	auto_wrak/noun	politicus/noun	drama/noun	zelf/adv	zend_uit/verb	een/det	waarmee/pp	sta/verb	vleugel/noun	honderden/noun	rood/adj	mikpunt/noun	geluid_effect/noun	lawaaierig/adj	buis/noun	geest/noun	onderwerp/noun	ondanks/prep	2de/num	voer_op/verb	industrieel/adj	weiger/verb	varieer/verb	productie_huis/noun	hang/adj
kinderachtig/adj	0.0	0.8730303	0.7859888	0.88977504	0.74812967	0.68300736	0.9142538	0.8370551	0.8811519	0.8348162	0.78892964	0.8890213	0.9203803	0.8143624	0.8076475	0.8768693	0.76697654	0.8178725	0.85772145	0.9576498	0.91145366	0.90035284	0.91560084	0.82391334	0.79734004	0.91990006	0.8476266	0.8755272	0.81731886	0.8422385	0.863217	0.83248067	0.9104229	0.83976537	0.86095387	0.9006064	0.8911505	0.89003646	0.88926125	0.7820285	0.9194225	0.79210746	0.8067387	0.74728274	0.9085405	0.785006	0.9001873	0.8884311	0.9239763	0.8826467	0.9263531	0.89168656	0.8492549	0.8639858	0.88409996	0.890782	0.89190924	0.7704903	0.8129051	0.96872866	0.8967107	0.81121147	0.7602177	0.92289996	0.86063963	0.83782184	0.8401624	0.90062535	0.8207842	0.88739914	0.87486744	0.7432034	0.7867064	0.79379743	0.81151533	0.80697614	0.83430386	0.8423033	0.94644004	0.89205116	0.8475153	0.88643247	0.8791798	0.83696043	0.81344557	0.7455317	0.88200945	0.8299207	0.86004364	0.8886893	0.777948	0.87085724	0.9269247	0.79699737	0.9100462	0.87165385	0.89394534	0.8233719	0.8495058	0.8074183	0.7786504	0.79480934	0.8547375	0.8942488	0.7822372	0.8930547	0.84985584	0.85639256	0.855486	0.92561483	0.8165735	0.8812589	0.8585136	0.9347174	0.83236295	0.84520954	0.85589814	0.7357297	0.9103956	0.80300605	0.85269207	0.86074924	0.7522274	0.8466929	0.87319744	0.89664435	0.8778626	0.85964286	0.82808596	0.9221362	0.8244847	0.801152	0.83765876	0.8331945	0.9074824	0.8452524	0.8885259	0.9133115	0.8143463	0.79307145	0.83745193	0.92016464	0.7615245	0.7965984	0.93475986	0.9095521	0.8859154	0.8681289	0.8484493	0.855097	0.8604031	0.89172703	0.8164578	0.8344052	0.85186577	0.9602372	0.84486574	0.88936996	0.8874288	0.80756664	0.89702517	0.88919187
word/verb	0.8730303	0.0	0.6263999	0.8823731	0.8695419	0.7381598	0.7551951	0.8562483	0.87134314	0.83591115	0.8622602	0.8808565	0.87463975	0.79324746	0.8961408	0.82283795	0.8765702	0.8097707	0.8912636	0.85873175	0.9289036	0.85238856	0.8881422	0.8133942	0.87183553	0.7526014	0.8904669	0.8938697	0.9111273	0.7483095	0.82175666	0.8821715	0.8532677	0.85231733	0.9106207	0.90353274	0.84569514	0.86739796	0.8223245	0.8629941	0.983065	0.8361167	0.8498707	0.67323864	0.90443844	0.79952425	0.90970206	0.8524092	0.9205197	0.8336463	0.8540603	0.81120574	0.868858	0.9274842	0.8103729	0.8022827	0.79840493	0.7144693	0.826266	0.93899465	0.8322063	0.86817145	0.8443371	0.8298787	0.8411641	0.8875381	0.8904854	0.8209984	0.8615486	0.9280817	0.8805981	0.84214354	0.8273238	0.8306037	0.85044736	0.8559588	0.82484245	0.7633637	0.9396527	0.786929	0.7230505	0.78769195	0.7627283	0.88580793	0.81204134	0.8831513	0.91635716	0.8622755	0.90356654	0.8808691	0.8077502	0.9028763	0.9061185	0.7955079	0.8673382	0.8047495	0.8272821	0.8687053	0.5541385	0.8589865	0.6835268	0.89042187	0.87626743	0.8880479	0.7961924	0.8089722	0.82729596	0.8048323	0.76377475	0.8608069	0.79954857	0.837939	0.8036473	0.8797776	0.8531431	0.7079221	0.78807044	0.8774098	0.8548333	0.8814944	0.8435104	0.7945185	0.90306944	0.8782987	0.8131864	0.91382957	0.87878203	0.78790134	0.8060203	0.83769864	0.91818774	0.78641415	0.8320546	0.8442521	0.8500061	0.819873	0.81709236	0.79794437	0.80617803	0.8743331	0.6880411	0.8706924	0.76913685	0.7435678	0.89671326	0.809537	0.7000928	0.8836494	0.8777849	0.8887518	0.84080404	0.78316426	0.8111898	0.8263366	0.88031036	0.9387772	0.88129705	0.8149785	0.7627994	0.82119775	0.81438273	0.8979402
die/pron	0.7859888	0.6263999	0.0	0.8345064	0.7198093	0.54523194	0.6525022	0.796057	0.8035776	0.7674638	0.76022464	0.8447145	0.8229909	0.7418706	0.7442692	0.68509495	0.69258296	0.72381055	0.7809205	0.87468123	0.81586426	0.7786212	0.8499615	0.7716366	0.7872876	0.70222116	0.75413746	0.81247675	0.787691	0.7033413	0.6980547	0.7395738	0.7863454	0.720168	0.8186071	0.806489	0.8018126	0.79836035	0.79209834	0.78870434	0.96794057	0.72417843	0.7296274	0.5407835	0.788959	0.7453916	0.8672397	0.8570884	0.88380206	0.79977834	0.8475116	0.74573994	0.77091837	0.8454353	0.7830945	0.81353486	0.7854515	0.5474479	0.6947479	0.936916	0.7657476	0.78191876	0.7397846	0.85071445	0.72348356	0.7019799	0.7536596	0.76767695	0.73544526	0.82928747	0.7847665	0.7260728	0.7213319	0.75993866	0.74689496	0.7643376	0.7675694	0.5796521	0.9378057	0.8066117	0.5977452	0.7691622	0.7360296	0.83674014	0.7335004	0.73751116	0.7962234	0.6917918	0.81732935	0.8491623	0.7543038	0.821576	0.8529942	0.67684984	0.75975716	0.74935544	0.83036965	0.7674398	0.543795	0.81359595	0.5840218	0.75595915	0.6631458	0.86608475	0.6848588	0.7574121	0.80272055	0.66558945	0.7224214	0.70537555	0.5753567	0.8083358	0.7481601	0.8604581	0.7310784	0.58447224	0.6950052	0.7541974	0.67536265	0.7717019	0.6741097	0.6008655	0.7670839	0.8182621	0.692209	0.83963114	0.7123526	0.7458278	0.71204495	0.7914851	0.81570345	0.69881654	0.71775657	0.6699272	0.79595494	0.7724381	0.7832087	0.8365875	0.6325768	0.762132	0.63434637	0.8369925	0.5712129	0.5343119	0.84520674	0.76775193	0.5477574	0.82946885	0.7838001	0.8563093	0.8115685	0.7657969	0.6941922	0.7414843	0.80813205	0.9362352	0.76276445	0.73455405	0.6808064	0.71771145	0.8007483	0.8007063
flyers/noun	0.88977504	0.8823731	0.8345064	0.0	0.91777456	0.8934431	0.8981041	0.8565899	0.910224	0.60382074	0.9141016	0.8585976	0.91930324	0.7092501	0.90873986	0.9230742	0.79545486	0.92785	0.9087254	0.9519518	0.9238034	0.9066135	0.9370051	0.94856024	0.9510007	0.88661546	0.9078728	0.9309838	0.9248762	0.8380472	0.9411118	0.8896897	0.9176274	0.899242	0.92964345	0.89850736	0.95243704	0.86420155	0.8463186	0.91083026	0.9766456	0.94553506	0.87246436	0.86648875	0.9248404	0.86283827	0.87635	0.92705417	0.9087331	0.8492518	0.9127087	0.92393166	0.9095324	0.9169905	0.91124636	0.8747457	0.8992199	0.80785924	0.80142856	0.9578603	0.91497743	0.88706267	0.89818466	0.9271962	0.919817	0.9127208	0.92614037	0.88830066	0.8704313	0.8288092	0.93204	0.91534066	0.8944018	0.92216885	0.9123781	0.89570844	0.93828326	0.8943619	0.962661	0.8808647	0.86987513	0.8926434	0.8857437	0.9288554	0.90488946	0.8511672	0.86970335	0.9154499	0.9493189	0.9119495	0.87869614	0.9383358	0.8959093	0.8182152	0.92279136	0.90323263	0.8599973	0.93187225	0.89236194	0.88711894	0.88339114	0.9240754	0.9003016	0.8770375	0.93178517	0.8700102	0.9132013	0.8827295	0.9488842	0.8913762	0.8909507	0.9115394	0.9241993	0.90996695	0.771255	0.8494177	0.8551681	0.90796334	0.881926	0.93652713	0.9074719	0.86704767	0.9295609	0.925432	0.8488991	0.92553896	0.8879737	0.93433136	0.86439615	0.9247465	0.92498845	0.9081253	0.83934724	0.88002765	0.8991764	0.90698695	0.86119664	0.885559	0.9186008	0.9453888	0.8906085	0.8872422	0.81662595	0.8202692	0.8360919	0.9198501	0.8112689	0.83865476	0.924455	0.8923438	0.9002542	0.87606037	0.9425898	0.9038896	0.92746335	0.96047556	0.91642636	0.9122796	0.93249905	0.89083356	0.90682834	0.88654613
surrealistisch/adj	0.74812967	0.8695419	0.7198093	0.91777456	0.0	0.6985065	0.89459836	0.8413305	0.82960224	0.7494422	0.74536645	0.8880512	0.91881454	0.8427693	0.7150103	0.84646916	0.64475286	0.78119266	0.82148695	0.9359694	0.81752324	0.863976	0.88919944	0.7977863	0.73382616	0.89866525	0.86423296	0.8411699	0.84819835	0.7250372	0.82975304	0.7887129	0.85933864	0.78418225	0.8055315	0.85337245	0.87179375	0.87196356	0.8825614	0.7257145	0.968319	0.83239377	0.66622233	0.7327516	0.8669194	0.775066	0.8946017	0.85506535	0.88913614	0.8200681	0.8213607	0.8925831	0.86404324	0.8609476	0.8975594	0.8365087	0.84889567	0.7008116	0.69038457	0.9571713	0.88745606	0.73524	0.6880474	0.9018589	0.82916194	0.8078192	0.6940737	0.81197834	0.81130564	0.8029692	0.84668535	0.671991	0.58832633	0.77452016	0.7261009	0.6839389	0.8166944	0.8182853	0.95343554	0.8946748	0.8325949	0.85637546	0.7989367	0.81087625	0.73682773	0.64078546	0.7893618	0.76309454	0.83127284	0.9015589	0.7381749	0.8233692	0.91765726	0.77752286	0.89901084	0.7758515	0.87861073	0.7299608	0.8156389	0.81103253	0.78954923	0.82110333	0.8008018	0.9001583	0.8210476	0.8639857	0.80062735	0.84702635	0.89742035	0.9307921	0.79941404	0.7664524	0.86408365	0.9022881	0.76446784	0.83433664	0.86981505	0.6080636	0.9012307	0.8139387	0.77199185	0.8069579	0.7507237	0.87773985	0.7902963	0.8120047	0.9003314	0.8339695	0.84094125	0.85863763	0.80098355	0.762559	0.77000993	0.7637061	0.85541815	0.8437424	0.86208344	0.88921857	0.8610397	0.6628003	0.85753053	0.87501	0.6663785	0.74477506	0.8728381	0.84581554	0.8518447	0.8491168	0.89789134	0.7840199	0.85842705	0.8360661	0.72419065	0.72550255	0.8327223	0.9523634	0.7581966	0.79084915	0.93015945	0.769322	0.86884797	0.83982515
zulk/det	0.68300736	0.7381598	0.54523194	0.8934431	0.6985065	0.0	0.7395698	0.7939404	0.8262235	0.8095193	0.75365394	0.80446655	0.8708753	0.77184033	0.71641374	0.8427806	0.66083485	0.78624517	0.81042296	0.91506475	0.88581276	0.8529638	0.870735	0.69338804	0.6709555	0.7866732	0.806169	0.8227495	0.7740026	0.71643746	0.693292	0.7825872	0.8248349	0.71896297	0.79305875	0.86005735	0.8214604	0.8320742	0.83259726	0.74091196	0.96279734	0.72418165	0.69249874	0.47610158	0.8585495	0.69532967	0.8810097	0.8352027	0.89448005	0.8452012	0.8641552	0.76679885	0.79833436	0.841305	0.8410157	0.8369571	0.864678	0.66478527	0.7176089	0.9562827	0.73627245	0.77430344	0.711191	0.8334107	0.7020321	0.7619767	0.7912894	0.82475823	0.6848367	0.8461296	0.77226496	0.66265094	0.6782484	0.73368526	0.744227	0.67381525	0.73021114	0.56095994	0.96260935	0.8225916	0.6502871	0.8316861	0.78877306	0.7944387	0.70680106	0.7338461	0.78104395	0.7716886	0.8127443	0.85491943	0.7045516	0.7644429	0.8889495	0.7068178	0.8174001	0.70546997	0.8400427	0.7254568	0.7306999	0.70390594	0.3048811	0.79788816	0.782025	0.86136234	0.66247165	0.76139075	0.783045	0.6975801	0.7011646	0.8112159	0.67581224	0.8004596	0.7162708	0.8921739	0.7824002	0.6463333	0.73066205	0.6474796	0.8279338	0.72742623	0.7284843	0.749126	0.70051706	0.8126551	0.7870773	0.82142866	0.768782	0.78785414	0.7734731	0.8751401	0.8123519	0.7530296	0.7813713	0.7244166	0.85309696	0.79112536	0.8488363	0.87861556	0.722819	0.7100238	0.75282013	0.8583859	0.5908305	0.5851686	0.8648144	0.8434842	0.80819166	0.8539238	0.8066263	0.82523847	0.82230616	0.8075321	0.7122152	0.6998522	0.6722674	0.95003456	0.7784271	0.77495664	0.81405085	0.68122864	0.8467641	0.8355048
aantal/noun	0.9142538	0.7551951	0.6525022	0.8981041	0.89459836	0.7395698	0.0	0.90537363	0.90152955	0.8666293	0.9117603	0.91202646	0.8118105	0.80154353	0.8650353	0.84330475	0.87452364	0.87225926	0.92027694	0.87844616	0.9082742	0.85422975	0.88875806	0.7920234	0.88487357	0.84636164	0.87323415	0.9486613	0.91831076	0.82076204	0.83928746	0.87707764	0.8621128	0.870329	0.89051485	0.91875196	0.90404886	0.8667104	0.8945466	0.9077268	0.9909085	0.88049793	0.8950053	0.74029016	0.8923572	0.8407921	0.94871444	0.9127204	0.94288826	0.91766083	0.9033878	0.6902431	0.85815877	0.9287023	0.8343753	0.8810338	0.8933969	0.77248263	0.87233984	0.9383872	0.72590446	0.8821148	0.9072347	0.7553902	0.8613456	0.8551358	0.9075108	0.8384184	0.82386845	0.9141257	0.87385154	0.90382427	0.88549304	0.8515513	0.9091172	0.8929029	0.8505922	0.73011696	0.9388693	0.8531225	0.71786284	0.849571	0.85214204	0.934263	0.8896313	0.92236507	0.8495338	0.86825866	0.89928746	0.9446441	0.85251564	0.88254905	0.90143573	0.78433436	0.75036895	0.7186535	0.8608492	0.89376116	0.7375945	0.87618357	0.69414794	0.9199869	0.7420725	0.9239097	0.8472284	0.86531067	0.78303194	0.8158087	0.77796096	0.7829289	0.6999501	0.92326695	0.83735514	0.9082374	0.8706308	0.61481607	0.731894	0.905808	0.7706921	0.88254696	0.710356	0.7193955	0.90736294	0.9200347	0.7951957	0.94181657	0.7903337	0.888863	0.8679389	0.86184424	0.93102103	0.86762875	0.8533439	0.81928074	0.8170953	0.8794055	0.8680472	0.8681048	0.8643566	0.8855486	0.8405148	0.88727045	0.6905824	0.76425046	0.8943099	0.89667785	0.62702453	0.9360518	0.85673356	0.92252445	0.87858784	0.8931384	0.9231561	0.85442007	0.7358538	0.93753105	0.81507635	0.77530384	0.7675286	0.7312392	0.8552654	0.9055421
tv/noun	0.8370551	0.8562483	0.796057	0.8565899	0.8413305	0.7939404	0.90537363	0.0	0.8744882	0.8174288	0.8535402	0.8941361	0.9298451	0.73194456	0.81069154	0.8507266	0.7765336	0.84163105	0.90669084	0.94285154	0.90668875	0.862848	0.8906648	0.8918096	0.8719443	0.90746474	0.8744631	0.8665294	0.78055453	0.83255845	0.87695765	0.8288705	0.8713622	0.844271	0.9174385	0.8222978	0.8934234	0.8285123	0.43416697	0.8664779	0.9606433	0.86994463	0.8716885	0.8391265	0.91125286	0.8355547	0.8730792	0.8677367	0.904536	0.8354779	0.875816	0.9089809	0.8368521	0.89680636	0.86255777	0.8285413	0.73251706	0.7632971	0.82187307	0.93197787	0.9104296	0.8410369	0.84307986	0.9302073	0.8862989	0.87475336	0.8182734	0.8298141	0.8696773	0.83086175	0.8746135	0.84808433	0.7971261	0.89990693	0.8746724	0.87862307	0.88570535	0.86360675	0.92177856	0.87567115	0.8603201	0.8918199	0.8853358	0.90048766	0.86689705	0.7934926	0.77604586	0.8425251	0.86034685	0.84079814	0.8290548	0.93234026	0.8998843	0.80998	0.8868665	0.8241713	0.8242176	0.8695723	0.8414992	0.83726513	0.8471408	0.8569618	0.86557764	0.838856	0.8743441	0.7536928	0.91123563	0.8289956	0.90146023	0.8917097	0.875479	0.8263557	0.76528966	0.9092752	0.81494224	0.8391342	0.846436	0.82964575	0.895118	0.8608289	0.8678195	0.80544144	0.8315383	0.89601856	0.7890352	0.9088001	0.8349827	0.889485	0.8052802	0.8905819	0.8769131	0.8438936	0.7446714	0.7676883	0.86989015	0.876817	0.8645611	0.89819664	0.8172264	0.8210903	0.8539228	0.53838706	0.7895266	0.7919695	0.85464907	0.9021745	0.85069835	0.89313805	0.9012323	0.8540943	0.8605013	0.68053603	0.8998422	0.81349134	0.8919951	0.928285	0.8175721	0.8960228	0.8930535	0.8656971	0.80309993	0.8515475
stem/noun	0.8811519	0.87134314	0.8035776	0.910224	0.82960224	0.8262235	0.90152955	0.8744882	0.0	0.87439644	0.8254435	0.91954035	0.92413324	0.8611288	0.8216144	0.87388647	0.80197334	0.8854503	0.86104655	0.9142134	0.88387716	0.8900355	0.8844549	0.8427581	0.83800685	0.9019197	0.85308504	0.79883766	0.7286975	0.837928	0.8646314	0.85615873	0.91707575	0.8713993	0.8613306	0.9069683	0.90566266	0.9274683	0.8178937	0.73679733	0.96136063	0.8310345	0.80856913	0.8265648	0.9068913	0.85679555	0.8717967	0.9141311	0.90110934	0.8785233	0.9110907	0.8085403	0.9161446	0.8662104	0.9095359	0.87902015	0.8716638	0.7444124	0.8121804	0.9617304	0.90793383	0.73870695	0.8082732	0.8638051	0.8402728	0.81801665	0.7544202	0.8899255	0.8532584	0.8998865	0.8499145	0.7740468	0.8154668	0.80869496	0.8051313	0.75379497	0.88192904	0.86152625	0.9502501	0.89828575	0.8710365	0.89483804	0.88522875	0.8390373	0.85296375	0.76814914	0.88843554	0.8316315	0.8504175	0.9161964	0.84662116	0.9190308	0.9285288	0.8244851	0.89583194	0.9027059	0.9014229	0.81825984	0.82749784	0.8888143	0.8850795	0.8338493	0.84985936	0.91369224	0.8514106	0.874378	0.8175833	0.90844816	0.89687103	0.8732805	0.88212895	0.8252161	0.86217856	0.8695805	0.8973087	0.844451	0.86634326	0.7727391	0.85454476	0.7871321	0.8448173	0.82092214	0.79361963	0.8605548	0.80257916	0.8511412	0.88791394	0.8941384	0.8214657	0.92681175	0.8684129	0.79321814	0.8430995	0.8499602	0.9118906	0.8413242	0.86950445	0.9254359	0.74988365	0.84293157	0.8884846	0.9053477	0.7962698	0.8091302	0.9304546	0.7845163	0.8754666	0.8824266	0.9017767	0.8425694	0.8948926	0.8807231	0.78314346	0.839918	0.83675146	0.950137	0.87115544	0.9053555	0.90201175	0.83976835	0.9353874	0.89309436
affiche/noun	0.8348162	0.83591115	0.7674638	0.60382074	0.7494422	0.8095193	0.8666293	0.8174288	0.87439644	0.0	0.8440019	0.8040863	0.9086608	0.59715587	0.8192245	0.8688416	0.72313964	0.8670087	0.86486626	0.8924331	0.8552444	0.8361444	0.8968501	0.89293736	0.87289643	0.8968668	0.8853761	0.8839441	0.89952946	0.693226	0.90834457	0.85775465	0.87703156	0.8602031	0.8843539	0.841363	0.91602486	0.82299054	0.83212847	0.85099435	0.96089	0.8875787	0.7841387	0.8265312	0.93010163	0.83036566	0.85972726	0.8895746	0.891956	0.7880431	0.85367435	0.8790495	0.8904133	0.89250857	0.8771082	0.7650533	0.8342794	0.7340058	0.6846789	0.9167798	0.8919162	0.7886728	0.827603	0.9091294	0.9015008	0.87662995	0.79488647	0.8491461	0.8599173	0.7193955	0.92103326	0.8451773	0.7071671	0.8858796	0.80033946	0.80403566	0.87394375	0.86156785	0.9288509	0.84085774	0.8089789	0.83178246	0.8493882	0.8774025	0.8403205	0.72267365	0.7888086	0.8652287	0.89092135	0.8754967	0.830099	0.90982443	0.89035267	0.7751502	0.9120866	0.7608277	0.8223131	0.8617925	0.8378439	0.83697325	0.8276559	0.8716165	0.78885984	0.840593	0.8662615	0.85660315	0.87879	0.84912163	0.89014894	0.88240564	0.8578783	0.84592074	0.88203615	0.84144604	0.64536726	0.81033945	0.8364383	0.8167609	0.8633107	0.87551033	0.8078847	0.7999722	0.8722865	0.91877544	0.73063225	0.897309	0.8415284	0.85820055	0.81176305	0.9181631	0.90615636	0.8527257	0.7212312	0.8118235	0.8643474	0.8380507	0.82387877	0.8665441	0.86228716	0.84345907	0.8628007	0.85786355	0.7276646	0.7824335	0.7562092	0.84766793	0.77268255	0.7856707	0.87694895	0.85009766	0.87285554	0.80589515	0.8659302	0.7960558	0.89114285	0.90618676	0.81249046	0.84666795	0.9067706	0.81561863	0.8391434	0.838189
bijtend/adj	0.78892964	0.8622602	0.76022464	0.9141016	0.74536645	0.75365394	0.9117603	0.8535402	0.8254435	0.8440019	0.0	0.8899188	0.91628075	0.86821735	0.78276044	0.8630543	0.6698314	0.8381713	0.8292315	0.9448885	0.88233876	0.8809836	0.9137505	0.79776466	0.84230524	0.84394574	0.85120964	0.8209648	0.820771	0.80888355	0.8628581	0.8468872	0.91817826	0.8141249	0.79146135	0.8947127	0.88737524	0.92161936	0.85927016	0.7411075	0.9465678	0.8091763	0.80879015	0.8067397	0.8442539	0.81584287	0.81926787	0.89957947	0.8402823	0.82097936	0.8781088	0.9112795	0.9079179	0.8578504	0.86267275	0.8341072	0.8841243	0.69323945	0.74348503	0.94155383	0.92033803	0.7972195	0.7897862	0.90727794	0.873422	0.76662636	0.8132376	0.8554136	0.79721785	0.8255048	0.8664559	0.6939622	0.76307935	0.7354978	0.8346925	0.75625527	0.8756208	0.8471151	0.93636787	0.89053637	0.8723885	0.8560099	0.8837705	0.8334287	0.8344185	0.7379482	0.86130965	0.8043778	0.86375225	0.86496085	0.7883704	0.89972997	0.9168625	0.7701733	0.8551569	0.83980924	0.8601623	0.79926395	0.79277325	0.86324334	0.8423246	0.85301316	0.84418035	0.887376	0.8251874	0.8687497	0.77521753	0.82466567	0.8612077	0.88619024	0.8719576	0.8133292	0.88911784	0.9203381	0.8373654	0.85139024	0.8881385	0.6719983	0.8472259	0.7783215	0.8343208	0.8193502	0.80681527	0.82315886	0.86092705	0.82532495	0.8652577	0.8952168	0.829746	0.8702787	0.83190036	0.7822095	0.86115694	0.8471325	0.862275	0.7580362	0.8761944	0.88177884	0.83981156	0.7538359	0.87232053	0.90651757	0.75769913	0.77071345	0.8748448	0.8619933	0.838851	0.8058833	0.8247169	0.8470136	0.8889283	0.8108692	0.81133795	0.81325907	0.83316463	0.9477923	0.85445106	0.87981576	0.9031814	0.7866129	0.9232633	0.85089886
letter_DIM/noun	0.8890213	0.8808565	0.8447145	0.8585976	0.8880512	0.80446655	0.91202646	0.8941361	0.91954035	0.8040863	0.8899188	0.0	0.8923967	0.73733217	0.87671685	0.935625	0.82348734	0.8948913	0.90345824	0.95036495	0.9231223	0.90353453	0.93179625	0.9047634	0.8999061	0.9024786	0.8894757	0.90786374	0.898592	0.84802634	0.9275326	0.914707	0.92881596	0.88054144	0.8700748	0.92497027	0.92362994	0.9235572	0.9052401	0.88296616	0.97386336	0.9080692	0.8635112	0.80317533	0.94092983	0.865479	0.9164617	0.9166801	0.899899	0.8612467	0.92096424	0.88923144	0.91994256	0.91851175	0.9102909	0.8498796	0.9053008	0.8351544	0.80407774	0.95162165	0.8943834	0.8469291	0.89320314	0.90222096	0.86163485	0.91092604	0.91599673	0.88857627	0.86749035	0.8784962	0.9103107	0.85314786	0.87091744	0.8883843	0.8787496	0.81993616	0.8898394	0.83041096	0.9654468	0.90208614	0.88073844	0.923159	0.9183606	0.89664	0.85135365	0.86417854	0.90322304	0.9114475	0.9205017	0.91105604	0.82323706	0.9185498	0.9058716	0.8353801	0.9257624	0.9058903	0.8630393	0.8965388	0.8965772	0.8900673	0.8239734	0.88509965	0.91553164	0.8600722	0.873636	0.87689865	0.89782465	0.86070013	0.89787006	0.89460015	0.901321	0.88075334	0.9273106	0.9259309	0.8574015	0.8356832	0.87700605	0.88332236	0.88188857	0.8920169	0.85736525	0.8522078	0.8920702	0.9266034	0.87017065	0.9072724	0.8990297	0.9039672	0.853468	0.93937874	0.90707946	0.8637167	0.83612335	0.8706393	0.90748966	0.90160805	0.8900976	0.89547735	0.9279284	0.91674024	0.89021564	0.9285587	0.8134557	0.8277086	0.8056713	0.89939684	0.9062195	0.8415614	0.9391193	0.9195436	0.9411208	0.8862562	0.87882894	0.8701429	0.8902554	0.9546204	0.94595873	0.91838384	0.8831013	0.8585019	0.90813047	0.8838603
geweigerd/adj	0.9203803	0.87463975	0.8229909	0.91930324	0.91881454	0.8708753	0.8118105	0.9298451	0.92413324	0.9086608	0.91628075	0.8923967	0.0	0.8636306	0.91733736	0.89679414	0.8944101	0.9181594	0.9304266	0.94083	0.91656566	0.89730656	0.9367253	0.91490215	0.93642795	0.891215	0.9095862	0.9176684	0.90977925	0.8912029	0.9188337	0.9250054	0.9181695	0.91236174	0.92653966	0.9124421	0.937794	0.93226784	0.913382	0.9104465	0.9656205	0.89350635	0.9163753	0.84557843	0.92600244	0.89780015	0.927049	0.9321202	0.94241446	0.89738107	0.9499726	0.8809729	0.9186355	0.9107801	0.89522415	0.91786283	0.9294482	0.8520795	0.9189523	0.92087287	0.87943304	0.93805724	0.9185255	0.8925252	0.88487434	0.9023887	0.9585386	0.8816047	0.89524305	0.93188757	0.90534353	0.91241485	0.9256109	0.87364197	0.92807925	0.9029151	0.9219603	0.8792307	0.91585076	0.88268274	0.8304547	0.87138116	0.9156212	0.9253615	0.8996288	0.92413205	0.9225383	0.9024937	0.93226737	0.9305326	0.8966655	0.94533753	0.9163776	0.87907994	0.89433306	0.89413494	0.9039544	0.89896905	0.8889871	0.9432551	0.8466881	0.92051536	0.9135814	0.91601497	0.9020495	0.9155014	0.90517473	0.8953121	0.88410354	0.9100947	0.8822358	0.9329122	0.91816676	0.92651784	0.8923618	0.8142986	0.8177451	0.9348253	0.90251565	0.8914543	0.8525495	0.82714033	0.92697036	0.9060026	0.874356	0.9307215	0.88580996	0.9348058	0.91253424	0.9238079	0.91780347	0.8576079	0.91314447	0.8996335	0.9101604	0.91057414	0.8979449	0.8826578	0.90719634	0.92999095	0.8896428	0.92942923	0.81697905	0.87070405	0.9120932	0.9371569	0.8394914	0.90770864	0.90327317	0.93246984	0.91357356	0.9138165	0.9305871	0.90948606	0.9009292	0.9249717	0.92557406	0.9088296	0.6765305	0.8952966	0.92352974	0.92662925
advertentie/noun	0.8143624	0.79324746	0.7418706	0.7092501	0.8427693	0.77184033	0.80154353	0.73194456	0.8611288	0.59715587	0.86821735	0.73733217	0.8636306	0.0	0.8722588	0.8456855	0.8226736	0.82658094	0.9101975	0.93280816	0.9091964	0.86500686	0.9168898	0.8651533	0.8821168	0.87934625	0.8698444	0.891665	0.88023335	0.79453516	0.89373004	0.902597	0.88548535	0.8727956	0.8715398	0.8782808	0.8862247	0.80691034	0.7223573	0.87545794	0.9543062	0.8444584	0.8425283	0.7939112	0.92766595	0.84522307	0.9081097	0.91740423	0.9278302	0.8491343	0.9033614	0.8442102	0.8634573	0.870776	0.891071	0.858759	0.8368281	0.7748091	0.78373444	0.950651	0.84210336	0.8214135	0.8470197	0.84787595	0.8485025	0.86850226	0.8927434	0.86475694	0.8406144	0.86521554	0.8771237	0.8394763	0.80811584	0.84667945	0.8261097	0.8586191	0.86035	0.8063602	0.9436198	0.8405585	0.7723098	0.85028994	0.8803608	0.88365793	0.7862116	0.8269448	0.85055745	0.87800246	0.8932933	0.86085993	0.7981608	0.91874874	0.93567824	0.7912605	0.8666941	0.8320559	0.81672144	0.86444557	0.8177488	0.87504	0.78232265	0.86329824	0.8638948	0.8752591	0.83388394	0.839908	0.8806258	0.80642736	0.8517954	0.8404481	0.831751	0.895337	0.79805386	0.8800011	0.7875648	0.7852143	0.7951469	0.85053813	0.872299	0.84854245	0.81229335	0.79255927	0.8563844	0.877806	0.7479253	0.92431366	0.79674983	0.88145554	0.83257407	0.91133636	0.8935733	0.8562358	0.70470655	0.77094394	0.875937	0.8642653	0.8523972	0.90455663	0.8032602	0.8556727	0.834309	0.7988576	0.77055615	0.731048	0.8169416	0.882308	0.7763763	0.8794983	0.88809603	0.9179597	0.8954898	0.8351873	0.88506436	0.78200376	0.8596592	0.93876684	0.84987795	0.84651506	0.84697425	0.8024055	0.81378675	0.8834043
combineer/verb	0.8076475	0.8961408	0.7442692	0.90873986	0.7150103	0.71641374	0.8650353	0.81069154	0.8216144	0.8192245	0.78276044	0.87671685	0.91733736	0.8722588	0.0	0.8597865	0.6874151	0.8229969	0.8449872	0.921956	0.8493887	0.85002774	0.8420309	0.8224453	0.7840736	0.89855504	0.81273466	0.8880307	0.8341305	0.7705759	0.78638685	0.84632707	0.79328656	0.74005103	0.75067544	0.89680064	0.8900717	0.81252867	0.8464949	0.76887476	0.9436179	0.8723146	0.7412517	0.75720394	0.87522614	0.7964702	0.8549212	0.8300245	0.898858	0.86414266	0.83896255	0.89235294	0.8600366	0.9286505	0.8611795	0.8407339	0.8379549	0.53942883	0.72822434	0.8958095	0.78231764	0.66062754	0.7467296	0.90191287	0.8336549	0.76476896	0.62276894	0.82671064	0.8000891	0.85367465	0.85566676	0.7542988	0.78689575	0.82025605	0.78122735	0.6829072	0.825061	0.7366867	0.9095845	0.8984954	0.7546309	0.8535892	0.80871046	0.81288254	0.74169743	0.71514153	0.85386914	0.8289014	0.8383475	0.94177	0.8141561	0.8094165	0.85648733	0.7128903	0.87613505	0.8227901	0.84503955	0.83231664	0.8331967	0.74221265	0.77558154	0.8383533	0.82185316	0.8717624	0.8058964	0.7961638	0.7698233	0.6886418	0.8831962	0.9299642	0.7758206	0.8141751	0.8413833	0.90316933	0.83066654	0.771379	0.75834715	0.64845496	0.8773189	0.8335538	0.7569779	0.80042845	0.79122376	0.9223173	0.7862667	0.7893829	0.7760368	0.8423218	0.82585216	0.9187304	0.8741668	0.76785403	0.799771	0.6615267	0.8536067	0.8778262	0.85100627	0.92342037	0.87290335	0.767956	0.8578253	0.8606029	0.6942554	0.67152077	0.89552355	0.8411381	0.8888854	0.82079554	0.9036621	0.81389225	0.8614914	0.8312123	0.7582673	0.7623928	0.8155835	0.9046199	0.7964543	0.7363	0.92273885	0.6866896	0.863912	0.86614084
Australisch/adj	0.8768693	0.82283795	0.68509495	0.9230742	0.84646916	0.8427806	0.84330475	0.8507266	0.87388647	0.8688416	0.8630543	0.935625	0.89679414	0.8456855	0.8597865	0.0	0.82846206	0.81629074	0.88397896	0.89996606	0.8539385	0.7946304	0.818606	0.8865618	0.8795605	0.8423586	0.8437546	0.9161391	0.8982195	0.8569232	0.87915385	0.8214789	0.85354996	0.8379372	0.8933941	0.8948605	0.844511	0.9101944	0.85018444	0.8787942	0.9670787	0.8672504	0.8863981	0.86290795	0.8702774	0.88450783	0.8990891	0.885235	0.9256249	0.89741325	0.94359	0.8630372	0.87912226	0.88722056	0.8687836	0.8983098	0.8562484	0.7445275	0.82773626	0.870699	0.90000147	0.85615623	0.8867683	0.8867403	0.8921359	0.8122363	0.85850096	0.778443	0.90093905	0.91047084	0.82845026	0.8674649	0.8404974	0.87322253	0.87298036	0.9072507	0.8875904	0.8437162	0.8704525	0.81813216	0.8166704	0.8132385	0.8813271	0.9203818	0.86189127	0.85426354	0.9005607	0.7939555	0.83986706	0.87521523	0.8548943	0.9068021	0.89050573	0.82089865	0.8403325	0.8301639	0.83069134	0.8928898	0.72338086	0.9078211	0.8463941	0.85480976	0.7763774	0.9169761	0.8691747	0.9080726	0.9033186	0.86483115	0.8803122	0.75668645	0.8019691	0.9164	0.8609271	0.8527818	0.85859996	0.80702484	0.8199457	0.8832489	0.80578566	0.8357165	0.7269745	0.6711427	0.84205425	0.85326475	0.83159906	0.93120354	0.8651849	0.8275314	0.8440014	0.7926816	0.9016129	0.7830524	0.7846205	0.79411215	0.8870821	0.84102744	0.81691647	0.9155494	0.8004607	0.8430356	0.8416107	0.8570399	0.7698897	0.7914147	0.90777993	0.85768664	0.75007707	0.8859412	0.8643925	0.9312577	0.90489095	0.86778617	0.8757981	0.8795137	0.8760412	0.8715245	0.82872605	0.83741516	0.76876986	0.86665577	0.86084616	0.889734
vol/prep	0.76697654	0.8765702	0.69258296	0.79545486	0.64475286	0.66083485	0.87452364	0.7765336	0.80197334	0.72313964	0.6698314	0.82348734	0.8944101	0.8226736	0.6874151	0.82846206	0.0	0.7617207	0.76395786	0.9311401	0.77202916	0.7843094	0.8822738	0.80704796	0.7647996	0.8177887	0.7699228	0.7265506	0.80078024	0.63971037	0.8464036	0.7241908	0.8441481	0.68670726	0.72359633	0.78385794	0.9004374	0.90242076	0.84337354	0.65910834	0.94679475	0.80528575	0.6828684	0.70975363	0.8203593	0.7601766	0.56655884	0.8528336	0.75483596	0.645531	0.81017625	0.88800883	0.79808843	0.77845395	0.7621777	0.6456138	0.7838901	0.48530954	0.5470095	0.94286084	0.8936607	0.73405015	0.6576562	0.9180634	0.77227265	0.62228537	0.7301828	0.7104404	0.63929486	0.5774757	0.85462236	0.66963494	0.61925113	0.79502827	0.7289016	0.68865263	0.81608737	0.7947259	0.9397894	0.8947166	0.8150995	0.82147974	0.7989843	0.72051823	0.76301813	0.5511139	0.73607635	0.6821272	0.78146344	0.8357734	0.75592077	0.8538615	0.7881772	0.59557664	0.7446554	0.79210496	0.765108	0.7062001	0.7658374	0.7774763	0.79507995	0.80080783	0.776791	0.7044323	0.7816972	0.72943795	0.7152435	0.69788504	0.89083254	0.87168866	0.79588497	0.72062624	0.8744047	0.8729328	0.61820626	0.7393712	0.8125474	0.6070522	0.7705187	0.7433037	0.7905958	0.737785	0.75298285	0.8591712	0.8014098	0.7828704	0.8603118	0.78622746	0.69897056	0.8428021	0.8234304	0.69114715	0.77345645	0.7557042	0.67381966	0.8186879	0.801472	0.7721122	0.85859674	0.71573067	0.8750729	0.88087964	0.5620005	0.62688446	0.68472445	0.7734295	0.6907789	0.6443795	0.8570374	0.78742784	0.7852819	0.6638176	0.7392887	0.8005606	0.7769059	0.9394222	0.7733121	0.790329	0.9062334	0.7303796	0.8953167	0.67786497
detective/noun	0.8178725	0.8097707	0.72381055	0.92785	0.78119266	0.78624517	0.87225926	0.84163105	0.8854503	0.8670087	0.8381713	0.8948913	0.9181594	0.82658094	0.8229969	0.81629074	0.7617207	0.0	0.89805555	0.9451383	0.90770626	0.88862	0.9071305	0.8336051	0.8351803	0.87255704	0.84165573	0.8836767	0.8897587	0.82725966	0.88300276	0.85011035	0.8922411	0.8592364	0.8902576	0.84417856	0.8783841	0.88320756	0.84965813	0.81243026	0.978253	0.85096437	0.8124545	0.8199943	0.88323903	0.83314264	0.9282194	0.8798877	0.9106355	0.869664	0.90473735	0.909571	0.8545878	0.9224855	0.8874617	0.90835035	0.8461824	0.7496866	0.82970756	0.95184803	0.9181885	0.8185435	0.8055891	0.914829	0.8860513	0.83764684	0.7867123	0.8675665	0.86554027	0.9001491	0.88537717	0.78358275	0.7595994	0.86268115	0.81607366	0.8480211	0.85872054	0.83850825	0.9440238	0.90677106	0.82820153	0.86835825	0.85875356	0.87932175	0.8087387	0.7763749	0.8996217	0.77833736	0.8605983	0.93571436	0.8141575	0.94637364	0.9181565	0.8059301	0.9010603	0.78269976	0.87310773	0.8364639	0.7875583	0.86541057	0.82719266	0.78033185	0.7898965	0.9069942	0.81003606	0.88786846	0.8865943	0.8910269	0.895453	0.8914398	0.8672488	0.9056116	0.90551925	0.91216415	0.83070165	0.8590528	0.8702892	0.72982156	0.881373	0.8647767	0.81881267	0.83643967	0.81290483	0.89381367	0.80571246	0.88724905	0.8995195	0.8511659	0.8204306	0.8797497	0.8435652	0.7852896	0.7726422	0.80440915	0.88141364	0.8982865	0.8711444	0.9069145	0.7986412	0.6945666	0.8166859	0.8678628	0.7150609	0.80927014	0.9122172	0.9011564	0.84240943	0.90748185	0.88759184	0.8762119	0.89281106	0.8664361	0.80902755	0.79973376	0.874437	0.9470515	0.8031384	0.89977014	0.8886331	0.86034024	0.8471071	0.86696595
verblind/adj	0.85772145	0.8912636	0.7809205	0.9087254	0.82148695	0.81042296	0.92027694	0.90669084	0.86104655	0.86486626	0.8292315	0.90345824	0.9304266	0.9101975	0.8449872	0.88397896	0.76395786	0.89805555	0.0	0.94618773	0.8695291	0.8909527	0.91688365	0.86898416	0.82422614	0.8990881	0.8508122	0.78664976	0.9069321	0.8446028	0.8636519	0.83329904	0.9126393	0.81086934	0.9260004	0.878006	0.88804317	0.9454099	0.9177825	0.79032546	0.9549533	0.8339579	0.82065576	0.83592767	0.8990957	0.8243257	0.8209547	0.9152863	0.823194	0.8298963	0.89009714	0.8976793	0.8548143	0.8507257	0.8472495	0.8270583	0.91144586	0.7380376	0.7642801	0.95138687	0.90631485	0.859606	0.801	0.9225615	0.81371343	0.7550098	0.9004055	0.8513435	0.8429476	0.8440155	0.87239355	0.82303756	0.8120776	0.8535343	0.847484	0.78380847	0.8850534	0.87654656	0.9384548	0.91153467	0.8906803	0.874176	0.85914946	0.844651	0.8790162	0.7931849	0.79373986	0.8002695	0.8645483	0.93592554	0.8701012	0.87195474	0.8749374	0.83154285	0.88146126	0.9133775	0.87302095	0.81977165	0.8043438	0.8874489	0.8640207	0.8341677	0.88966227	0.90178126	0.84795177	0.8651349	0.81042033	0.89051485	0.9012536	0.89659727	0.891286	0.75516796	0.86752075	0.9116281	0.85341835	0.8570671	0.8717226	0.8250089	0.8601927	0.84958285	0.83969104	0.81356555	0.84222865	0.8604114	0.9183989	0.8615315	0.88118005	0.88361025	0.84938383	0.89548993	0.88277096	0.8034067	0.9177408	0.874698	0.8475558	0.79029346	0.87431735	0.8903	0.84492725	0.84006345	0.90606517	0.92972416	0.7907082	0.82393456	0.8811975	0.86694276	0.8542423	0.7943218	0.8569591	0.9061078	0.89706427	0.87060195	0.7986256	0.8852757	0.8253496	0.9450503	0.8805529	0.877165	0.9325322	0.85945946	0.9273119	0.8440631
plaats/noun	0.9576498	0.85873175	0.87468123	0.9519518	0.9359694	0.91506475	0.87844616	0.94285154	0.9142134	0.8924331	0.9448885	0.95036495	0.94083	0.93280816	0.921956	0.89996606	0.9311401	0.9451383	0.94618773	0.0	0.91833556	0.7957264	0.83343995	0.9294272	0.88397264	0.90152866	0.9179122	0.9539128	0.97143734	0.88614756	0.8986234	0.90571296	0.8800645	0.9267736	0.9414423	0.9646519	0.8624995	0.93327504	0.9576252	0.94035655	0.9741256	0.95500773	0.89967924	0.86629707	0.9396355	0.9096954	0.89749825	0.918091	0.94223803	0.9193855	0.90153164	0.8050908	0.93849313	0.97159934	0.8950628	0.9005848	0.9033142	0.8789306	0.90517855	0.7744692	0.8827041	0.92138577	0.9302565	0.87980103	0.9161514	0.9273402	0.93375254	0.80491006	0.9288212	0.9320951	0.94418865	0.93504363	0.90945864	0.92283225	0.9039071	0.9351414	0.883437	0.8814528	0.76152235	0.8582255	0.87092674	0.8928448	0.8541499	0.96078336	0.9383056	0.9529654	0.94530386	0.87842464	0.9181344	0.9495405	0.9197044	0.9460241	0.9270614	0.88133174	0.89039785	0.833523	0.80659914	0.9293808	0.87345403	0.9192812	0.8957394	0.9402135	0.88311493	0.9202858	0.9320626	0.9351029	0.9073607	0.93284535	0.9432865	0.94725287	0.89072025	0.92527187	0.9009448	0.6163324	0.91553915	0.87235403	0.81650895	0.9335477	0.91076356	0.9310783	0.88320655	0.8021534	0.94799894	0.9473746	0.8970707	0.94929296	0.94412154	0.8698808	0.88589466	0.8978958	0.9693668	0.89599156	0.9145507	0.9446655	0.900812	0.9156466	0.82825017	0.90722764	0.9203351	0.9349508	0.9337765	0.923226	0.8365464	0.89893126	0.84824085	0.8662795	0.87158155	0.9308097	0.9302334	0.9387618	0.94294	0.8868382	0.9348789	0.9090965	0.8875071	0.77748805	0.9400298	0.8962321	0.94624394	0.89295906	0.93612623	0.9385836
flankeer/verb	0.91145366	0.9289036	0.81586426	0.9238034	0.81752324	0.88581276	0.9082742	0.90668875	0.88387716	0.8552444	0.88233876	0.9231223	0.91656566	0.9091964	0.8493887	0.8539385	0.77202916	0.90770626	0.8695291	0.91833556	0.0	0.83025634	0.91702604	0.9234908	0.9290031	0.92386043	0.87519807	0.8845299	0.9017938	0.8333283	0.9390216	0.85718983	0.81804174	0.88007504	0.867707	0.83188283	0.9297087	0.93055975	0.91497815	0.8790061	0.9682134	0.9010281	0.8431994	0.8810126	0.9180544	0.88556486	0.8851144	0.9248219	0.85075104	0.7984135	0.8881458	0.91754985	0.93061113	0.9239487	0.8997862	0.8194078	0.842262	0.76040745	0.7850832	0.9078108	0.92567164	0.85640883	0.8926801	0.93698645	0.93372035	0.86824656	0.86593103	0.8760401	0.90904486	0.7925382	0.8944087	0.9069774	0.8234909	0.9042529	0.8556219	0.85610795	0.91795355	0.89876586	0.918917	0.8921243	0.88856745	0.86797583	0.89748585	0.9117254	0.9269769	0.8116324	0.85767347	0.8355011	0.9071771	0.9144522	0.8995943	0.91764665	0.87924355	0.81396997	0.89176154	0.89665264	0.86246955	0.88933206	0.85371846	0.9160732	0.91221464	0.8237048	0.8493028	0.7858128	0.92631865	0.85193413	0.8719221	0.876513	0.9531573	0.9093612	0.8804823	0.86422276	0.92854524	0.9021372	0.8106047	0.8817454	0.90876794	0.9038828	0.86798275	0.8717599	0.82252884	0.8004088	0.897034	0.9018792	0.88004154	0.87959117	0.9077821	0.8648675	0.8521049	0.8840481	0.89500254	0.8413589	0.88872457	0.8500656	0.8661417	0.90047157	0.84009373	0.8972392	0.8870748	0.91681117	0.9248392	0.9175856	0.7812966	0.8568884	0.81200165	0.8065428	0.8328283	0.83139086	0.9161835	0.87361753	0.8761152	0.8516809	0.9117476	0.90794855	0.9268186	0.9094594	0.87622595	0.8769576	0.9146856	0.8686863	0.929004	0.8312142
geplaatst/adj	0.90035284	0.85238856	0.7786212	0.9066135	0.863976	0.8529638	0.85422975	0.862848	0.8900355	0.8361444	0.8809836	0.90353453	0.89730656	0.86500686	0.85002774	0.7946304	0.7843094	0.88862	0.8909527	0.7957264	0.83025634	0.0	0.8678735	0.9007337	0.84658325	0.8507465	0.856704	0.86703193	0.91452366	0.8113613	0.89116263	0.84697133	0.8601334	0.8384372	0.9006524	0.89727384	0.8546468	0.94936365	0.87944174	0.88384545	0.9715068	0.89983237	0.87289023	0.82805586	0.8890517	0.85169256	0.85127836	0.9092974	0.8750718	0.8216902	0.8815413	0.81628233	0.89811724	0.93433297	0.8429059	0.7484853	0.8722873	0.75768834	0.7755029	0.81421095	0.90523803	0.8427903	0.87582207	0.90909284	0.89516634	0.86863005	0.8994784	0.8229831	0.8837903	0.7751128	0.8959936	0.8768232	0.8479445	0.88570416	0.8542808	0.8368398	0.8684537	0.8632144	0.83019894	0.8218579	0.8662895	0.8710471	0.88471115	0.9273189	0.8939129	0.84101313	0.85196996	0.8608202	0.8777864	0.9158166	0.8677185	0.92226607	0.84300035	0.7810478	0.87049925	0.83870566	0.80137664	0.8991152	0.79756415	0.88332087	0.85913527	0.8644918	0.8609795	0.8267923	0.8471062	0.78769267	0.85833704	0.8382326	0.9152768	0.8713141	0.8604565	0.84822315	0.90092564	0.8526603	0.760086	0.8216673	0.83931476	0.8792249	0.825503	0.87882334	0.8237963	0.7404351	0.8729895	0.90299475	0.88948315	0.87202144	0.8838761	0.8522949	0.8015163	0.8700185	0.923724	0.83149934	0.88256794	0.88012296	0.841883	0.8799169	0.82481843	0.8574989	0.8907847	0.8892442	0.9064602	0.9064919	0.73175764	0.79076344	0.7475004	0.8418521	0.81019515	0.83221644	0.9143627	0.90874064	0.87418365	0.76257974	0.89394957	0.8930539	0.876742	0.82012427	0.8622103	0.86991453	0.882049	0.85672444	0.9091398	0.7998487
