	inhoud/noun	jurk/noun	stadion/noun	prachtig/adj	feestelijk/adj	scherm/noun	pantoffel/noun	vis/noun	substantie/noun	bij/noun	pasta/noun	vlak/noun	stoel_DIM/noun	vlag_DIM/noun	boei/noun	T-shirt/noun	bloedrood/adj	tegel/noun	minderheid/noun	bal_DIM/noun	tatoeages/noun	kip/noun	blok_DIM/noun	mascara/noun	oog/noun	op/adj	lingerie/noun	samenleving/noun	vredig/adj	knot_gek/adj	stuk/noun	versie/noun	straat_beeld/noun	smaak/noun	podium/noun	onder_klasse/noun	bril_DIM/noun	intens/adj	water/noun	letterlijk/adj	publiek/noun	streep/noun	potlood/noun	zand/noun	zangeres/noun	kop_DIM/noun	flard/noun	trui/noun	aquarel/noun	glas/noun	jongen/noun	sterk/adj	bovenlaag/noun	overhemd/noun	gevel/noun	kunstmatig/adj	unilateralisme/noun	bord_DIM/noun	kleding/noun	imago/noun	ding_DIM/noun	groot/adj	informatie/noun	tekst/noun	bruin/adj	zeil/noun	bont/adj	anders/adj	politiek/adj	erg/adj	geheel/adj	laan/noun	lijn/noun	kaart/noun	plastic/noun	gezien/adj	medemens/noun	matras/noun	episode/noun	variant/noun	tros/noun	thema/noun	tatoeage/noun	helder/adj	kaart_DIM/noun	vreemd/adj	begrip/noun	voetballer/noun	hemd/noun	vrouw/noun	bol_DIM/noun	Mechelaar/noun	thee/noun	trappenhuis/noun	vrolijk/adj	bril/noun	verhaal/noun	waarheid/noun	diamant/noun	visie/noun	plexiglas/noun	bevolking/noun	stip_DIM/noun	haar/noun	wereld/noun	haar/pron	papier/noun	lichtbruin/adj	vloeistof/noun	afval_water/noun	verschil/adj	links/adj	mens/noun	bord/noun	groente/noun	vrouw_DIM/noun	licht/adj	jas_DIM/noun	hagel_slag/noun	tamelijk/adj	doek/noun	ideologisch/adj	perspectief/noun	glas_DIM/noun	vlek/noun	ets/noun	melancholisch/adj	kamer/noun	licht/noun	huis/noun	bal/noun	geheugen/noun	ronde_DIM/noun	alge/noun	bliksem/noun	staaf_DIM/noun	baksteen/noun	hemel/noun	monster/noun	scheidsrechter/noun	sfeer/noun	ring/noun	regionaal/adj	huid/noun	ballon/noun	tol/noun	stap_pers/noun	genre/noun	contour/noun	kous/noun	cast/noun	fel/adj	portret/noun	opvallend/adj	grillig/adj	rechthoek/noun	standpunt/noun	beeld/noun	tint_DIM/noun	blad/noun	band_DIM/noun	lichaam/noun	barst_DIM/noun	veel/adj	bedevaart/noun	boot_DIM/noun	vleugel/noun	rood/adj	onderdaan/noun	voering/noun	rood_wit/adj	Frans/noun	huis_DIM/noun	berichtgeving/noun	glasplaat/noun	inkt/noun	noot/noun	zwart/adj	speler/noun	afkomst/noun
inhoud/noun	0.0	0.8504203	0.9203164	0.7886831	0.838073	0.8273287	0.88198227	0.84152406	0.7643025	0.82896835	0.8118905	0.7966664	0.8866926	0.8682976	0.8897698	0.8306684	0.90548986	0.85177857	0.8734791	0.84649676	0.8832857	0.8584903	0.80932975	0.9243206	0.87492204	0.8915626	0.8273967	0.7906666	0.8918076	0.9041736	0.783031	0.75232136	0.83058643	0.7293675	0.9024291	0.9242857	0.8978684	0.75736845	0.8291774	0.802551	0.8250614	0.9254749	0.83421755	0.84503615	0.8937793	0.8407818	0.795315	0.90100884	0.8264176	0.82104534	0.9149908	0.8181191	0.8945543	0.86480606	0.8556919	0.8393419	0.89520645	0.84136117	0.7260406	0.807931	0.8305417	0.8622736	0.6707884	0.60909706	0.8085099	0.870927	0.8209301	0.89225525	0.72353005	0.80581754	0.7476935	0.9107575	0.8542173	0.8715072	0.78375345	0.804348	0.8300258	0.85165155	0.79557955	0.7863757	0.85642	0.68418694	0.90357965	0.68649644	0.84208405	0.8529728	0.7510804	0.92554075	0.8680251	0.90866256	0.81176347	0.90731	0.8223889	0.9149893	0.80181295	0.81543475	0.7093256	0.7762387	0.8042112	0.6738107	0.8735439	0.87204456	0.91328824	0.8868732	0.85164803	0.8470889	0.72741157	0.8701607	0.7629377	0.87380373	0.73177826	0.865921	0.86979437	0.83710307	0.797909	0.8604537	0.83884674	0.8214473	0.9208617	0.7322022	0.79998004	0.7139879	0.7751869	0.87642205	0.84133834	0.82595897	0.8154758	0.88095963	0.87448436	0.91004	0.8995005	0.80188143	0.9114462	0.87927616	0.90019375	0.86892724	0.80628437	0.893694	0.7977371	0.907281	0.79132676	0.870359	0.8238126	0.8548507	0.82957757	0.88388026	0.9403973	0.7455011	0.77372897	0.8770231	0.81131077	0.8435561	0.8212635	0.77946156	0.7731262	0.9109187	0.7387098	0.7161985	0.81707007	0.7633271	0.81721264	0.8103941	0.95443	0.797777	0.892782	0.9000993	0.87500715	0.8785518	0.8538943	0.8981586	0.9035779	0.8167164	0.88768077	0.8024077	0.88089806	0.7802972	0.77503496	0.8650056	0.9012719	0.8736185
jurk/noun	0.8504203	0.0	0.8743739	0.65685856	0.7392078	0.78085715	0.71408737	0.8040689	0.8320126	0.7821747	0.7729718	0.89424264	0.72666705	0.7082553	0.8375919	0.45158142	0.7405394	0.67869985	0.92946637	0.7610418	0.7107482	0.8305986	0.7382072	0.79412603	0.72680664	0.8975487	0.5775641	0.90314656	0.8313756	0.87862784	0.7374958	0.78612393	0.7605947	0.8075651	0.71819615	0.9161454	0.6755723	0.79515386	0.8380177	0.719448	0.81271136	0.7054883	0.7624712	0.7530821	0.7535681	0.7329557	0.76766086	0.5180573	0.7824806	0.67930853	0.7387544	0.91073984	0.8622004	0.4425496	0.7092124	0.8503422	0.9667263	0.7627826	0.4792667	0.83194214	0.75857276	0.901713	0.9259895	0.7999033	0.51180995	0.75839525	0.6499892	0.92640233	0.92650974	0.81938577	0.8326552	0.8179628	0.8053608	0.843506	0.6613405	0.8791555	0.83951277	0.75165576	0.85015976	0.7515596	0.77150285	0.845363	0.78490347	0.76571965	0.8085941	0.82150936	0.8991615	0.83395463	0.4265278	0.74175835	0.7281312	0.93488955	0.7771795	0.81536674	0.6268882	0.5556625	0.805894	0.9021847	0.7524296	0.8947699	0.7930664	0.92210746	0.7720356	0.5192125	0.86259717	0.7192944	0.7466848	0.7212493	0.7972626	0.92978346	0.8481306	0.8737689	0.87844515	0.7634938	0.80223686	0.7316335	0.75187385	0.4210449	0.87661386	0.74550694	0.5854235	0.8510862	0.86205804	0.8082439	0.6609497	0.8058979	0.80448335	0.7826969	0.75906974	0.8266733	0.82830507	0.87249476	0.8040189	0.860821	0.8895009	0.7923673	0.7142304	0.74817103	0.7514728	0.8985634	0.79978657	0.7311298	0.94037986	0.63702893	0.679013	0.8997058	0.8426461	0.8050519	0.73578143	0.5902991	0.8279407	0.7924812	0.7291507	0.69028914	0.7748363	0.79080755	0.9213306	0.75545055	0.76712394	0.7613397	0.6965431	0.74526674	0.90842336	0.8551949	0.9128095	0.8090419	0.7528269	0.56005836	0.8729453	0.67268145	0.72712153	0.86391956	0.76705194	0.94167125	0.83413166	0.7291783	0.76477253	0.5211124	0.88755214	0.8723798
stadion/noun	0.9203164	0.8743739	0.0	0.8020288	0.7778555	0.81095356	0.9185763	0.9123219	0.93938386	0.86184764	0.9262611	0.89941216	0.7719874	0.81123054	0.88817626	0.8281545	0.90695107	0.8424367	0.91973776	0.8451472	0.89625823	0.9118466	0.88762784	0.94728994	0.9031359	0.8964218	0.8909293	0.9078015	0.82475185	0.8951652	0.8647023	0.91588575	0.8250368	0.90552545	0.6908478	0.9568962	0.89798015	0.8654913	0.84639466	0.836355	0.7691053	0.88260126	0.9193276	0.85827875	0.9011949	0.85787004	0.88091093	0.87881947	0.9198202	0.8279711	0.8811827	0.92141867	0.91965	0.89565974	0.74430394	0.8788354	0.962198	0.815697	0.85874426	0.89420706	0.9071784	0.863109	0.91842806	0.8994132	0.86780554	0.84841627	0.85417295	0.9328756	0.9234616	0.9251869	0.81867373	0.8096291	0.8749475	0.87325245	0.8769296	0.9072442	0.9004276	0.84269035	0.9112105	0.9035584	0.8957758	0.9201689	0.9130355	0.9165203	0.7913422	0.8994724	0.9315197	0.8252319	0.8902807	0.9248591	0.874434	0.9100883	0.88942343	0.78395367	0.8334136	0.8684515	0.93103325	0.95261854	0.8753104	0.92184484	0.90870386	0.90378743	0.92741495	0.9216841	0.87167394	0.898592	0.892595	0.93687195	0.86637163	0.86619616	0.8687384	0.88453764	0.8712648	0.8060805	0.9125704	0.8858208	0.8999841	0.86439824	0.960456	0.889793	0.8559872	0.9101106	0.90101266	0.88229024	0.8853359	0.9191938	0.8929112	0.720598	0.86536276	0.66361463	0.8492013	0.89498603	0.82061124	0.92571455	0.88187826	0.92391115	0.81872827	0.84658813	0.87694263	0.81185234	0.7928059	0.7774004	0.8807178	0.90239644	0.7657822	0.8817295	0.8818201	0.9032856	0.86497784	0.901047	0.8840987	0.8637793	0.8951571	0.85575336	0.8808839	0.87308675	0.93023074	0.86626023	0.88751245	0.8882387	0.8607583	0.860288	0.9460641	0.86535764	0.8726946	0.8234204	0.75854635	0.86227	0.89841044	0.9526439	0.7786838	0.91412115	0.7208193	0.92574626	0.9187706	0.90857613	0.90476185	0.8670323	0.79215443	0.937966
prachtig/adj	0.7886831	0.65685856	0.8020288	0.0	0.6574785	0.77562344	0.84081984	0.8260381	0.8582679	0.79365814	0.8273232	0.8644545	0.7589885	0.76333964	0.89837605	0.7213763	0.763629	0.704587	0.941627	0.81848687	0.8297141	0.8673482	0.7995323	0.8856925	0.82482505	0.90013784	0.76028764	0.8843099	0.71122146	0.79149115	0.66417074	0.69875765	0.76055634	0.76439583	0.70652026	0.93712187	0.7951411	0.63139284	0.8023486	0.69061816	0.79091156	0.80818254	0.79047585	0.76582354	0.7157332	0.7828351	0.6529014	0.776695	0.6540197	0.7155944	0.8431622	0.8550178	0.9010124	0.7541268	0.64402664	0.76832044	0.95527387	0.7521955	0.70408475	0.866735	0.8054399	0.8129035	0.8899255	0.59523165	0.66565824	0.7969835	0.6279106	0.9161554	0.89717495	0.8203506	0.7578654	0.77334017	0.82939386	0.8744536	0.7374039	0.84039855	0.8610257	0.8061129	0.73690367	0.7593657	0.81027114	0.7153841	0.8435279	0.57156456	0.85056555	0.7215262	0.8603866	0.84735715	0.7480401	0.87348044	0.8096442	0.9166137	0.8131297	0.79343873	0.561682	0.7605723	0.63453484	0.8628176	0.813485	0.81326973	0.7743764	0.94485223	0.7779077	0.75952154	0.8196345	0.8244964	0.7784945	0.82114637	0.85300493	0.9118724	0.73606116	0.8849412	0.8821224	0.789641	0.8220338	0.8032366	0.76985085	0.69803846	0.91378355	0.68047434	0.60323286	0.8614323	0.78568816	0.83352655	0.73539424	0.6919342	0.643015	0.7332696	0.71588606	0.77747273	0.8549444	0.8025674	0.80242264	0.84780526	0.8392026	0.8619608	0.7024771	0.7284459	0.76922816	0.90160537	0.6842154	0.81853265	0.9174467	0.77139044	0.7500348	0.8940872	0.87776965	0.69393873	0.6542239	0.83904314	0.7405704	0.83608687	0.6007197	0.6328994	0.6091012	0.78659225	0.91270494	0.5996217	0.71909827	0.76725495	0.75506777	0.808399	0.9208325	0.81943846	0.86191845	0.78187037	0.7678247	0.70915675	0.8960491	0.8399049	0.77904636	0.80160224	0.6622895	0.94114953	0.8036566	0.77796686	0.6684284	0.69416106	0.9077274	0.90855587
feestelijk/adj	0.838073	0.7392078	0.7778555	0.6574785	0.0	0.80292046	0.8725705	0.8369353	0.89110714	0.8310852	0.7896607	0.89061844	0.8239367	0.7893791	0.89832115	0.7614065	0.8537053	0.8472678	0.9301809	0.8482499	0.88460875	0.8619959	0.83751106	0.92935735	0.89076984	0.91924727	0.8203523	0.8887828	0.7896541	0.824548	0.8057702	0.8136055	0.8005717	0.7858367	0.7086529	0.9275402	0.84792763	0.750372	0.8725606	0.80644935	0.72192955	0.8836078	0.8776128	0.86658376	0.78650355	0.7683815	0.79174757	0.8131441	0.8592238	0.77043366	0.89397544	0.8908415	0.928152	0.8137159	0.7882967	0.8466443	0.9683016	0.79987895	0.7641517	0.86995655	0.85687315	0.85116994	0.8937765	0.78222436	0.7605937	0.83297765	0.6952676	0.9051865	0.8930448	0.85301685	0.8026548	0.83572435	0.90268606	0.8725224	0.82861865	0.8631457	0.86640763	0.86026514	0.8090416	0.81806743	0.83628833	0.76299536	0.89327514	0.78233254	0.8126266	0.8273532	0.87211466	0.8862403	0.8142495	0.90577304	0.8761255	0.89568174	0.7461982	0.86025906	0.5766245	0.8317702	0.8267955	0.9086323	0.85083973	0.8670097	0.88884544	0.9066813	0.91889805	0.8380632	0.8679467	0.8418298	0.8725568	0.8772886	0.88384426	0.93376136	0.7852167	0.89335227	0.88653314	0.7946124	0.81057	0.842561	0.8103028	0.76780635	0.90083194	0.77219284	0.7820562	0.8749147	0.8465203	0.7398796	0.8497332	0.86116743	0.75100094	0.8210256	0.8207666	0.86897945	0.9290542	0.8733691	0.8082868	0.9022076	0.89907193	0.90441096	0.8118459	0.8115802	0.86096764	0.9095303	0.7142558	0.8532337	0.87320507	0.867885	0.7379792	0.9020519	0.83272225	0.79672587	0.83183414	0.88473827	0.7877754	0.84029233	0.80778825	0.7272737	0.77602684	0.9091407	0.906294	0.7979848	0.6822705	0.84618473	0.7955899	0.894625	0.9548874	0.8515317	0.80188894	0.8433093	0.8226302	0.7836638	0.85548824	0.90850013	0.80552226	0.84367913	0.8406406	0.90571547	0.90933436	0.87085867	0.7466254	0.7995245	0.8965926	0.91226053
scherm/noun	0.8273287	0.78085715	0.81095356	0.77562344	0.80292046	0.0	0.8605318	0.8531993	0.8830133	0.83334506	0.87975454	0.8565345	0.7790891	0.8229885	0.8756862	0.7826303	0.83380246	0.772342	0.91350824	0.7402863	0.85648006	0.88810265	0.77258843	0.9017985	0.7448888	0.9188841	0.8233913	0.87186784	0.84209025	0.888122	0.8216603	0.78258616	0.77696437	0.8935791	0.66002923	0.9209237	0.8133002	0.7848809	0.814831	0.7533508	0.77140033	0.8238993	0.7967085	0.80189085	0.84833086	0.8032531	0.80525815	0.8477588	0.84136814	0.7500927	0.8752275	0.92140764	0.8980972	0.82819325	0.72534525	0.82468253	0.952771	0.76480913	0.8116894	0.8954962	0.84984076	0.8690995	0.8597883	0.7716828	0.7742033	0.77224064	0.7727747	0.9136844	0.86110467	0.88362056	0.8038562	0.8472985	0.8361048	0.85190725	0.7622849	0.86046046	0.86429983	0.79908895	0.8097441	0.8323243	0.79015267	0.8448347	0.85539657	0.79223573	0.82594097	0.8472727	0.9160708	0.9007259	0.8086509	0.8914565	0.79242104	0.9311514	0.8561327	0.8263649	0.76304865	0.77053	0.843105	0.9017193	0.8401916	0.8862539	0.8193387	0.9244906	0.8489244	0.81903625	0.8040897	0.8424773	0.78805256	0.85186076	0.80627495	0.90567243	0.79579437	0.861383	0.8673361	0.7165934	0.8841288	0.8259777	0.85801864	0.81621253	0.9101201	0.7952101	0.6585465	0.86414474	0.8279288	0.88133204	0.76908267	0.8477725	0.86465955	0.7858508	0.7484476	0.8697637	0.816007	0.8013722	0.8128378	0.89422107	0.85870504	0.8278328	0.79636335	0.77041936	0.823741	0.89788955	0.8487122	0.77869093	0.8568674	0.7540649	0.75097	0.8932044	0.906563	0.83225197	0.78569245	0.86455244	0.8114754	0.82908297	0.7677362	0.8078261	0.7938659	0.82177424	0.90254486	0.69519055	0.87525904	0.77869886	0.7930021	0.79839784	0.8959488	0.8787758	0.8983749	0.8295834	0.8018547	0.7956124	0.8904772	0.8879879	0.82984805	0.85538083	0.82076454	0.9122758	0.8486361	0.7901391	0.83215666	0.78318584	0.89389443	0.9184293
pantoffel/noun	0.88198227	0.71408737	0.9185763	0.84081984	0.8725705	0.8605318	0.0	0.85732293	0.87105286	0.8664861	0.8520605	0.9440846	0.80256295	0.80772316	0.9006797	0.70987743	0.84530896	0.7860227	0.95944715	0.8122948	0.8783739	0.81550914	0.83663857	0.87165684	0.84817636	0.91408074	0.7532747	0.96132785	0.8880975	0.9339638	0.844184	0.90422857	0.8960104	0.8676978	0.85296005	0.9697008	0.8107002	0.89718354	0.8360238	0.827986	0.9025818	0.8357157	0.8279369	0.80085605	0.9148226	0.78867185	0.85596263	0.6961497	0.91383314	0.7605045	0.83277184	0.9262692	0.9139513	0.6815855	0.85618865	0.9013796	0.9620842	0.8249756	0.7174899	0.9216255	0.8371754	0.9164056	0.94059485	0.9068237	0.71356887	0.8355297	0.825194	0.9231073	0.9562497	0.9046353	0.90500784	0.9080583	0.90453476	0.8891911	0.77733666	0.9130167	0.8874013	0.7580682	0.93325096	0.8853799	0.8369774	0.9456088	0.9008428	0.8906441	0.87985545	0.8930229	0.9614937	0.92159086	0.684762	0.86222345	0.8448308	0.9338722	0.7830004	0.8844466	0.8105618	0.73709893	0.93349874	0.94283223	0.86056566	0.9541265	0.84890217	0.9532005	0.90304273	0.74649906	0.92672765	0.8237202	0.84878844	0.8140283	0.8572656	0.9427888	0.9152052	0.9343915	0.8888303	0.8265893	0.8457874	0.83005536	0.85939	0.6945995	0.90220356	0.8794037	0.82657754	0.9392984	0.92107624	0.8209147	0.8197105	0.9347899	0.90991026	0.8262651	0.83887434	0.8523566	0.84632075	0.91494286	0.87521255	0.901965	0.90346515	0.87490654	0.79619694	0.86142445	0.8647925	0.9031402	0.90069544	0.85241973	0.942701	0.82124335	0.8405545	0.936435	0.88351446	0.93499434	0.894992	0.70277905	0.912677	0.891094	0.90380913	0.8507489	0.8997653	0.87046397	0.946464	0.9012654	0.90431595	0.8855834	0.8380597	0.8511824	0.91596425	0.9096356	0.89414847	0.8447772	0.8797977	0.75514877	0.92929494	0.82821065	0.7992694	0.8905355	0.82957387	0.960971	0.89729464	0.8398456	0.88323003	0.748978	0.91734326	0.9405981
vis/noun	0.84152406	0.8040689	0.9123219	0.8260381	0.8369353	0.8531993	0.85732293	0.0	0.70840746	0.7360079	0.46928322	0.9237281	0.8314717	0.8307345	0.84034103	0.7890549	0.8222394	0.76790416	0.92767686	0.6745542	0.8565381	0.37506574	0.5653726	0.88423413	0.8295053	0.9073201	0.82429177	0.91174036	0.82452303	0.9039997	0.7102647	0.8776398	0.84892946	0.5892836	0.8739113	0.9132752	0.85484505	0.80292857	0.5365169	0.75268877	0.8729632	0.86671865	0.8153707	0.64916736	0.90346575	0.6274353	0.8171446	0.84206235	0.8527581	0.61778855	0.84286773	0.90157753	0.8476537	0.8140548	0.83591294	0.7412393	0.950439	0.7037969	0.74178433	0.8857862	0.8190236	0.859982	0.89044815	0.87636685	0.5560505	0.78923726	0.81856054	0.9133709	0.94006634	0.84961	0.873742	0.90700483	0.91257054	0.8778004	0.645321	0.8851455	0.83725184	0.7587466	0.9189464	0.76280457	0.7726604	0.893073	0.8679805	0.8282808	0.85991836	0.82672745	0.91259336	0.89080244	0.8059559	0.8604551	0.6761651	0.9449253	0.57527137	0.8859625	0.7955553	0.7963125	0.88387275	0.9318341	0.74880874	0.94536775	0.86455756	0.90070695	0.8568894	0.7556332	0.87320375	0.84424555	0.77166253	0.6827957	0.66975415	0.8256214	0.8319527	0.91703135	0.78128207	0.63317513	0.35279047	0.71555126	0.79691875	0.8102462	0.7341093	0.83448786	0.77031195	0.8981466	0.8996021	0.67882276	0.721533	0.8894446	0.8664297	0.85235244	0.8499751	0.84407437	0.8493074	0.83515733	0.8047507	0.68165934	0.8504746	0.76651657	0.74602044	0.828772	0.6953293	0.9239824	0.87162006	0.78369683	0.9305796	0.6559249	0.7907402	0.90487266	0.89189285	0.8600379	0.8551188	0.8672513	0.8735315	0.885034	0.8805001	0.85956526	0.8284973	0.88346696	0.95651	0.84918666	0.86549294	0.79211086	0.8542673	0.70802355	0.9285122	0.8181992	0.9088198	0.71619165	0.8308159	0.70376605	0.8741944	0.8825073	0.8592133	0.8843892	0.7914822	0.9498323	0.8665781	0.7711339	0.6969679	0.7401299	0.9294543	0.9154289
substantie/noun	0.7643025	0.8320126	0.93938386	0.8582679	0.89110714	0.8830133	0.87105286	0.70840746	0.0	0.85334826	0.68225306	0.8758038	0.85339713	0.86311394	0.87142736	0.8426196	0.8517319	0.7920834	0.92141205	0.7875838	0.8579905	0.7561902	0.7220708	0.8631376	0.8623031	0.8978442	0.8695517	0.88422287	0.877796	0.90448314	0.8137939	0.87376034	0.87252116	0.70199764	0.9180914	0.93185866	0.8775229	0.8213194	0.68143433	0.80252063	0.9055656	0.86410093	0.8263926	0.7633258	0.91802996	0.75551784	0.8495368	0.86000705	0.8485577	0.71475196	0.9003451	0.8768436	0.8547083	0.83110845	0.8704332	0.77470434	0.94389385	0.8160259	0.77681553	0.8500981	0.8357672	0.8840183	0.81782186	0.87293124	0.68597126	0.8653893	0.8513793	0.9150362	0.8836434	0.85231733	0.84522516	0.9080817	0.8791234	0.8963189	0.6819147	0.8626356	0.8708762	0.8211101	0.8782181	0.7697177	0.84465027	0.86774296	0.89953756	0.7828064	0.9154058	0.8306249	0.88936555	0.90644205	0.840297	0.8890249	0.6941588	0.93042505	0.7085278	0.87573266	0.85735035	0.8488047	0.8681798	0.872031	0.7825756	0.87581307	0.86393195	0.89641225	0.85727686	0.782933	0.8876864	0.85798925	0.7751099	0.7579642	0.57431537	0.7951222	0.78828746	0.9209696	0.857597	0.7959113	0.7001611	0.83352745	0.7761136	0.8168705	0.84320486	0.7962618	0.8002856	0.85295826	0.8821104	0.80213714	0.74265665	0.87006456	0.8755082	0.86738497	0.81889945	0.90839005	0.8915012	0.8382408	0.89927167	0.74301034	0.8749081	0.7882425	0.78077555	0.8761407	0.75673103	0.92822623	0.8615187	0.8565343	0.90678215	0.7104587	0.8341628	0.9044646	0.9171783	0.86202705	0.8193981	0.86678183	0.8808047	0.8765732	0.90143675	0.8435216	0.83195084	0.87339896	0.87631214	0.8470504	0.89178944	0.8074849	0.82441366	0.68895423	0.9210248	0.8095505	0.93063045	0.87263685	0.8582141	0.7706717	0.8791042	0.86323464	0.8849435	0.9342982	0.86568385	0.9047764	0.8630329	0.7355509	0.7853658	0.77718955	0.9175865	0.9054333
bij/noun	0.82896835	0.7821747	0.86184764	0.79365814	0.8310852	0.83334506	0.8664861	0.7360079	0.85334826	0.0	0.75059116	0.8616512	0.8069625	0.83483136	0.8674411	0.7942555	0.8567581	0.80084825	0.9180868	0.8077309	0.8514064	0.7294526	0.77464867	0.8824986	0.8463783	0.875093	0.8435463	0.8805067	0.83056027	0.90549463	0.8030186	0.8394065	0.845543	0.80437183	0.8243852	0.9106152	0.82050097	0.7966526	0.7657262	0.7773933	0.8217086	0.85199386	0.8171678	0.7777792	0.83304125	0.73998487	0.81817234	0.82800984	0.86154294	0.7400151	0.76361614	0.86361736	0.88191044	0.8086122	0.8267417	0.79960114	0.9517718	0.76663435	0.7877806	0.85171556	0.82386184	0.8773532	0.8577187	0.8273692	0.71503854	0.8266207	0.80487704	0.8679711	0.9000857	0.8341866	0.851881	0.8642263	0.8662666	0.86857426	0.76809096	0.8460055	0.83923316	0.7975955	0.86448467	0.7837036	0.84829396	0.8537459	0.8683155	0.838061	0.84404385	0.82616293	0.8709288	0.81256485	0.81950474	0.80983377	0.80025434	0.9164978	0.7518947	0.8388772	0.7675156	0.77467704	0.8443397	0.878796	0.84348714	0.89406884	0.88044274	0.8733622	0.9023032	0.7917806	0.85986054	0.80911934	0.82554865	0.8272391	0.79683495	0.8859331	0.83662945	0.87851495	0.77117026	0.7947843	0.7411722	0.7631947	0.80690145	0.7998767	0.8595266	0.80562097	0.8449526	0.87278223	0.8614875	0.7629716	0.824033	0.87804884	0.8486396	0.83164454	0.85024273	0.8374383	0.8083712	0.8178146	0.81087327	0.81718606	0.85067666	0.86063004	0.817045	0.8472749	0.7827933	0.88434166	0.84785235	0.80890423	0.89090073	0.7696323	0.79273003	0.8813901	0.87351257	0.8371307	0.8600428	0.8288803	0.8492155	0.8510723	0.84875697	0.8144479	0.8235105	0.8372578	0.89940923	0.84390426	0.8690618	0.82965344	0.8008987	0.8066371	0.90168864	0.77660733	0.89915884	0.81884754	0.82343245	0.79129916	0.8490899	0.9113716	0.8050232	0.82344437	0.8093405	0.91287273	0.8739181	0.8328237	0.76973903	0.80193377	0.84810984	0.88941854
pasta/noun	0.8118905	0.7729718	0.9262611	0.8273232	0.7896607	0.87975454	0.8520605	0.46928322	0.68225306	0.75059116	0.0	0.9103687	0.8357038	0.85507405	0.8988233	0.7921651	0.83644927	0.76069784	0.9448902	0.68705493	0.84808004	0.5201156	0.52186847	0.87101096	0.88120514	0.9209207	0.79732233	0.9036654	0.87042755	0.8930306	0.72545993	0.84559846	0.87120223	0.5084913	0.8896935	0.9466983	0.84446776	0.8144822	0.6140733	0.81816053	0.8620537	0.8686183	0.80153143	0.7042407	0.9028714	0.5533823	0.84948164	0.82816625	0.8594333	0.570452	0.87467813	0.91146785	0.8398622	0.7737801	0.83787596	0.8213036	0.9572686	0.7053859	0.73345613	0.8829396	0.83899426	0.89289206	0.88995653	0.85520387	0.5302097	0.8295327	0.8407468	0.9221301	0.9425947	0.8341036	0.8659053	0.9142235	0.895328	0.8448839	0.6326898	0.9029618	0.8970587	0.7849457	0.8973011	0.7606741	0.8209132	0.8697626	0.89302075	0.80790615	0.8681195	0.8833185	0.91077834	0.90361214	0.77995265	0.9120652	0.65879136	0.9471544	0.46469778	0.8913071	0.8014453	0.80561054	0.8777354	0.9356025	0.82135516	0.9303431	0.8594041	0.9219619	0.87079585	0.77712166	0.90594184	0.86131114	0.7891265	0.65822196	0.65890515	0.85175204	0.8272867	0.9242675	0.8727461	0.60543585	0.35027963	0.8073224	0.753898	0.7788191	0.64230955	0.8146942	0.7963474	0.9089672	0.89711434	0.6112288	0.789183	0.8906071	0.8838229	0.8338611	0.85891247	0.88963944	0.90333766	0.87038356	0.8376681	0.7771198	0.9104492	0.7561873	0.75332665	0.8641324	0.8046546	0.9394504	0.84178364	0.81115115	0.9337475	0.7302731	0.80987126	0.9244175	0.8896279	0.85065067	0.8410918	0.8515607	0.872191	0.8929378	0.89661545	0.8412012	0.82541555	0.87600064	0.9483116	0.85076153	0.8395302	0.80762166	0.826597	0.8333875	0.9229397	0.83352405	0.9262873	0.84277475	0.88361776	0.69427836	0.9098499	0.8814394	0.87201655	0.87734	0.8370573	0.9542645	0.87068343	0.74289495	0.68783516	0.7573234	0.93296736	0.9227006
vlak/noun	0.7966664	0.89424264	0.89941216	0.8644545	0.89061844	0.8565345	0.9440846	0.9237281	0.8758038	0.8616512	0.9103687	0.0	0.91580576	0.92195034	0.93338794	0.9158769	0.935798	0.8651839	0.8223429	0.8980965	0.9197942	0.9307608	0.8864235	0.9275681	0.89166784	0.93719727	0.909227	0.7251532	0.8904928	0.94315743	0.86892235	0.88144964	0.85968983	0.8354088	0.8767974	0.8991298	0.9244237	0.7935216	0.892584	0.88709396	0.90870416	0.88132536	0.89193434	0.89767224	0.9108049	0.907384	0.8964706	0.89139265	0.8686868	0.9032301	0.8946206	0.7192318	0.8536505	0.91701776	0.8818511	0.8274554	0.89148	0.91474384	0.8412849	0.7888626	0.8748796	0.8038975	0.80967873	0.8740014	0.90198714	0.89889795	0.8725383	0.9227445	0.7059157	0.8159945	0.81893283	0.90402	0.7949538	0.9155604	0.87273824	0.6175922	0.83959496	0.9247344	0.8673925	0.7942203	0.914863	0.6936979	0.9345331	0.8030423	0.93985933	0.9067401	0.75486124	0.8331763	0.90897995	0.9228668	0.8924997	0.93448365	0.9346445	0.91751826	0.8904291	0.86365414	0.8883783	0.8887514	0.8786203	0.66887665	0.91182166	0.84777755	0.900246	0.8979636	0.8159478	0.9215595	0.8652706	0.92703843	0.895123	0.8747644	0.7936722	0.8743508	0.86919415	0.89233845	0.8980905	0.8884773	0.85460496	0.870838	0.9641764	0.81392896	0.85707796	0.7134718	0.6949978	0.94180727	0.8356929	0.9064568	0.89682627	0.9101854	0.8742273	0.94481504	0.9123966	0.8301418	0.9045624	0.9230906	0.9312839	0.9235518	0.8732168	0.8959254	0.880864	0.9207673	0.83440423	0.902813	0.7215062	0.894622	0.8943513	0.80201983	0.9122005	0.7931841	0.82590795	0.8984112	0.86258614	0.86207414	0.87642026	0.79683477	0.79861414	0.88488185	0.8075126	0.86589825	0.77672	0.86137414	0.9048823	0.8760502	0.92479044	0.7669028	0.88846815	0.8982408	0.85294193	0.9093518	0.8722659	0.92949295	0.86548287	0.88505393	0.88002306	0.8378937	0.91795033	0.88508844	0.8679482	0.8986418	0.79304886	0.9045989
stoel_DIM/noun	0.8866926	0.72666705	0.7719874	0.7589885	0.8239367	0.7790891	0.80256295	0.8314717	0.85339713	0.8069625	0.8357038	0.91580576	0.0	0.7643144	0.83083236	0.73014545	0.8251944	0.65480775	0.9365352	0.72077155	0.86557525	0.8348462	0.7704867	0.8709818	0.8293348	0.8946643	0.8016554	0.93319976	0.83869076	0.90092564	0.7728744	0.8724613	0.8345413	0.879892	0.7019905	0.95663416	0.7777155	0.8555696	0.7808392	0.7873813	0.81437016	0.80326706	0.7924192	0.72169054	0.8993052	0.7374535	0.8309374	0.77614677	0.8823676	0.6553181	0.8170178	0.90154	0.8659384	0.73216295	0.6938071	0.8628486	0.9574532	0.7113537	0.7313039	0.8915819	0.7996168	0.8768015	0.92298394	0.87938374	0.7164477	0.7162886	0.7792177	0.9290377	0.9337905	0.8666458	0.8423283	0.83943266	0.8559949	0.8421113	0.68020266	0.90802217	0.88120365	0.67466044	0.9022043	0.86209047	0.8029174	0.9140339	0.87944853	0.85047424	0.80232954	0.8975002	0.93522394	0.8909958	0.7439039	0.886399	0.77676135	0.90426034	0.769189	0.7671477	0.76399374	0.72830844	0.9049477	0.93554616	0.85325056	0.93022084	0.7900939	0.93231714	0.8150158	0.77716744	0.9271855	0.84658307	0.7954645	0.84427464	0.7979781	0.8913009	0.8582147	0.8633828	0.8830049	0.69876504	0.8437934	0.813846	0.80894196	0.713758	0.90044576	0.8396235	0.7314534	0.9115412	0.9051684	0.77289736	0.784001	0.87610555	0.8674308	0.6863526	0.7762363	0.745064	0.78341246	0.8838697	0.75114375	0.84663016	0.8227118	0.7727694	0.6727185	0.80394727	0.8075268	0.88148695	0.81743395	0.7381673	0.93062	0.7941377	0.71922195	0.87626636	0.8788882	0.88729566	0.806051	0.82695407	0.8663932	0.85977507	0.8527442	0.8206975	0.8243821	0.79927665	0.9390688	0.83961236	0.85399103	0.83090353	0.7814444	0.8163167	0.8997966	0.86357427	0.90751237	0.7476379	0.7606633	0.743501	0.8840969	0.87495816	0.75289357	0.9060675	0.6632042	0.9551994	0.8231361	0.8010891	0.83080924	0.76870775	0.8764056	0.9164239
vlag_DIM/noun	0.8682976	0.7082553	0.81123054	0.76333964	0.7893791	0.8229885	0.80772316	0.8307345	0.86311394	0.83483136	0.85507405	0.92195034	0.7643144	0.0	0.828353	0.634131	0.82384807	0.7564271	0.9019169	0.77388334	0.821803	0.8446212	0.7911569	0.8699376	0.8482391	0.9049548	0.8057865	0.9069992	0.83063745	0.8997425	0.8437131	0.8503101	0.75071704	0.89459294	0.78815395	0.9142901	0.8272158	0.87354827	0.8247006	0.79581535	0.83722246	0.79178166	0.7902131	0.7875836	0.8269445	0.7846916	0.78663623	0.7308638	0.8363694	0.7636439	0.80803394	0.93599916	0.8931983	0.73737323	0.7347585	0.8551189	0.9549782	0.66754615	0.7481983	0.89248025	0.82823086	0.85648924	0.8750002	0.79099405	0.7118165	0.7512223	0.76783323	0.95168513	0.90955746	0.91220385	0.8696563	0.84696	0.87643737	0.7988226	0.72833145	0.8985076	0.8820315	0.82631665	0.8750546	0.80142987	0.7878472	0.8936062	0.8553185	0.8443139	0.75672656	0.87700486	0.9127215	0.84304494	0.7153133	0.8639201	0.7584058	0.93614763	0.82108104	0.8786584	0.70865595	0.7485876	0.8815669	0.9371489	0.8305719	0.92187834	0.85077846	0.8800168	0.8217761	0.7627778	0.9065471	0.8479077	0.781314	0.8292129	0.8190691	0.9139428	0.8531412	0.8734597	0.87488365	0.6985388	0.8409276	0.8086962	0.8570807	0.7117008	0.8582826	0.85891247	0.74602747	0.887284	0.90925306	0.83502644	0.75357777	0.8409697	0.8643296	0.8485609	0.7975627	0.83483535	0.82442963	0.8767403	0.79952496	0.86643815	0.86219215	0.82108086	0.7741087	0.7997222	0.79141605	0.82732767	0.87545234	0.8204808	0.9260566	0.8052932	0.6494308	0.898016	0.8771965	0.9038563	0.809073	0.79520166	0.90128064	0.85089064	0.787922	0.77605194	0.8328378	0.80104715	0.9286903	0.8230979	0.81041604	0.81031924	0.7877621	0.8160826	0.9416067	0.91670394	0.87017757	0.7981301	0.82626796	0.6454803	0.83681417	0.8630823	0.7285999	0.88642466	0.7949318	0.91477764	0.8452721	0.7978023	0.84381735	0.71673214	0.87771237	0.8300387
boei/noun	0.8897698	0.8375919	0.88817626	0.89837605	0.89832115	0.8756862	0.9006797	0.84034103	0.87142736	0.8674411	0.8988233	0.93338794	0.83083236	0.828353	0.0	0.8422534	0.88863194	0.83357894	0.92273104	0.8114069	0.8933717	0.8792218	0.86008	0.9141866	0.8748782	0.9039939	0.8810543	0.9179687	0.8865062	0.9482871	0.8571523	0.91725636	0.8924401	0.92406976	0.8719819	0.9235902	0.8618385	0.8989018	0.8296552	0.8313104	0.9023712	0.8605853	0.88507974	0.7980857	0.9126674	0.8724577	0.85933405	0.8570924	0.9300936	0.86237633	0.82287574	0.9282774	0.88702387	0.8468846	0.8511685	0.86259735	0.9602288	0.85080135	0.8411628	0.897505	0.8997423	0.9185814	0.9098463	0.9082867	0.8460479	0.79048	0.8576751	0.9412368	0.92532784	0.92859066	0.8836393	0.8979248	0.8662613	0.9193087	0.85669225	0.9319378	0.8764015	0.8336078	0.9098312	0.90186524	0.84581506	0.9237905	0.9302535	0.8769617	0.90572846	0.90472627	0.9215103	0.91727436	0.83048403	0.83239716	0.8111768	0.8900968	0.89136124	0.90006715	0.8689823	0.82227206	0.9114885	0.91709006	0.85534483	0.9337044	0.90634084	0.9296411	0.9079162	0.8274476	0.89788485	0.7979765	0.8704793	0.9027166	0.84461564	0.891037	0.89336115	0.8929886	0.8814594	0.8681215	0.91108847	0.8507904	0.8953196	0.8413007	0.9632542	0.87456536	0.85569376	0.88073593	0.91312736	0.88170516	0.851063	0.93474925	0.9133885	0.86809343	0.8557573	0.8607255	0.8400669	0.88898605	0.82438564	0.9115408	0.877105	0.8765006	0.83351564	0.8776446	0.8285587	0.9027972	0.9280464	0.8011295	0.9180499	0.81652313	0.83614236	0.9143865	0.91912544	0.92921036	0.8678761	0.86229575	0.9215313	0.8769315	0.91793334	0.8992097	0.86879086	0.879352	0.9224962	0.8910633	0.9046134	0.9100566	0.84592956	0.8113092	0.9261816	0.91188574	0.9116024	0.7897193	0.8729321	0.8373971	0.8956686	0.923239	0.86445075	0.9055973	0.864858	0.9476792	0.90528977	0.8718202	0.8824842	0.8528808	0.9289891	0.89097697
T-shirt/noun	0.8306684	0.45158142	0.8281545	0.7213763	0.7614065	0.7826303	0.70987743	0.7890549	0.8426196	0.7942555	0.7921651	0.9158769	0.73014545	0.634131	0.8422534	0.0	0.7717539	0.69013333	0.93422663	0.742115	0.7487716	0.8206091	0.73752904	0.8209635	0.78139657	0.88512504	0.60619795	0.9307699	0.86317205	0.8793355	0.7686786	0.8096396	0.7541963	0.8187225	0.7539892	0.9346171	0.6658432	0.8277054	0.8350207	0.75424373	0.81921446	0.69818485	0.7294864	0.7562585	0.80050516	0.7199427	0.7564149	0.4877001	0.80679655	0.6903383	0.73957753	0.90856	0.8756674	0.47826725	0.7076305	0.8624132	0.966075	0.6933806	0.48025662	0.8279679	0.77874595	0.8660513	0.87309885	0.7514064	0.5532646	0.72930205	0.6763041	0.93936133	0.9221295	0.85469836	0.8485552	0.87285984	0.8513875	0.74860144	0.6579796	0.8892324	0.8518609	0.7482331	0.86799955	0.7930635	0.7767637	0.86470056	0.765857	0.7925794	0.67481923	0.83622164	0.9300656	0.8489562	0.43558234	0.793723	0.7326939	0.92243487	0.745342	0.85145867	0.6616609	0.5593281	0.85189456	0.9221469	0.7545557	0.91764474	0.81100607	0.91568893	0.7890593	0.58931065	0.8872307	0.7726577	0.70617867	0.75858617	0.81416154	0.92996776	0.8282515	0.8625991	0.8666024	0.69765925	0.7969107	0.758879	0.8010476	0.46091074	0.85758644	0.78465855	0.65768194	0.8860876	0.8870194	0.78109443	0.6701934	0.7855036	0.8352614	0.796897	0.7984264	0.8272287	0.83851105	0.8697879	0.80321544	0.8677056	0.8870168	0.80591106	0.73754257	0.79225534	0.7779981	0.88095367	0.8428029	0.76811665	0.9198385	0.6836923	0.6527294	0.8921693	0.83857274	0.8363626	0.7796489	0.6033278	0.8636061	0.81966025	0.76163197	0.6942941	0.82263625	0.7954687	0.92654234	0.79508424	0.7791462	0.7453412	0.7011621	0.7790204	0.930914	0.8608261	0.8972513	0.8324849	0.7985122	0.56976557	0.880208	0.70638156	0.656677	0.876113	0.7888264	0.93218535	0.8296185	0.74253124	0.809534	0.5541841	0.8640718	0.8952494
bloedrood/adj	0.90548986	0.7405394	0.90695107	0.763629	0.8537053	0.83380246	0.84530896	0.8222394	0.8517319	0.8567581	0.83644927	0.935798	0.8251944	0.82384807	0.88863194	0.7717539	0.0	0.7573946	0.96636856	0.819775	0.83874065	0.8630742	0.8289704	0.8381375	0.7706185	0.94416994	0.84679806	0.9329792	0.833769	0.93805003	0.85929126	0.9226444	0.8438782	0.8501959	0.82435495	0.9635854	0.8289876	0.83970296	0.7663145	0.768979	0.91040945	0.7791078	0.81593025	0.7591231	0.87818694	0.8315622	0.8224417	0.79870677	0.8653236	0.7375494	0.8765538	0.9405927	0.91105926	0.7826004	0.78784716	0.86969054	0.97413355	0.8452258	0.81903374	0.94313174	0.8998214	0.900064	0.94555837	0.8595206	0.64589244	0.83142716	0.7983136	0.9607104	0.930848	0.92029995	0.8751652	0.88732076	0.90115154	0.91495246	0.7682391	0.9193282	0.8999741	0.83810055	0.91456985	0.8651406	0.8331356	0.9180608	0.8686188	0.78428733	0.91840214	0.8699354	0.9497184	0.9221221	0.7667376	0.8814605	0.7887218	0.9433353	0.81824976	0.8658368	0.78039044	0.7898145	0.90541005	0.939366	0.8957938	0.9515646	0.7879838	0.9508369	0.78276134	0.71728384	0.92813283	0.84123486	0.8394078	0.76826215	0.7985071	0.91364014	0.868667	0.9009155	0.9249218	0.79681295	0.8472291	0.83073056	0.8214623	0.7808555	0.9160971	0.88299567	0.7236818	0.907161	0.9092545	0.8549204	0.72661215	0.8853259	0.8767388	0.8505918	0.7702347	0.9102368	0.8997793	0.90802	0.86000335	0.88799196	0.8532349	0.84998417	0.7994704	0.7505505	0.84778285	0.9383204	0.91504586	0.84343934	0.95730853	0.7639336	0.77767885	0.9476348	0.92924094	0.90528965	0.7722274	0.81786513	0.9178482	0.8186046	0.85434836	0.83377504	0.80057335	0.8598393	0.95825326	0.85054743	0.90849084	0.83736396	0.87086064	0.81439775	0.8941027	0.8982473	0.94060206	0.8432747	0.85595715	0.59906995	0.93718123	0.8002763	0.7944849	0.91426307	0.85789	0.956813	0.8407715	0.77944374	0.83469456	0.674004	0.955194	0.9361601
tegel/noun	0.85177857	0.67869985	0.8424367	0.704587	0.8472678	0.772342	0.7860227	0.76790416	0.7920834	0.80084825	0.76069784	0.8651839	0.65480775	0.7564271	0.83357894	0.69013333	0.7573946	0.0	0.937136	0.734779	0.8087424	0.8046807	0.69269705	0.84247774	0.788488	0.89520496	0.76382256	0.8888279	0.82765293	0.91910446	0.6716064	0.83389986	0.7877894	0.80596846	0.8058636	0.93834424	0.7695561	0.8386591	0.6750655	0.735935	0.8914911	0.72820234	0.76236045	0.6032579	0.89856684	0.7267786	0.7840345	0.739389	0.7803148	0.54439276	0.836907	0.9102327	0.7829644	0.69166875	0.52894175	0.8090611	0.94858074	0.6981539	0.6718129	0.85062844	0.81384933	0.8526901	0.8871662	0.8070177	0.5985843	0.6717733	0.77111804	0.93669134	0.9153924	0.8624438	0.80854696	0.7847463	0.8094678	0.858483	0.5365117	0.8831722	0.8709288	0.6449069	0.88523626	0.80513674	0.7930539	0.8743235	0.8361064	0.7688884	0.8387998	0.88399684	0.9135998	0.8953013	0.69327545	0.8781787	0.70714813	0.91357714	0.7714265	0.74218965	0.7743322	0.6742852	0.88935435	0.91606903	0.77237546	0.9069556	0.6787344	0.91843385	0.799067	0.6933627	0.88650835	0.8396985	0.69577724	0.7420789	0.7166138	0.8170742	0.80802286	0.86380666	0.8802098	0.6570353	0.76335	0.7927655	0.75658906	0.6898522	0.87149596	0.7888373	0.61203533	0.8674489	0.86753434	0.81977993	0.6428292	0.81028175	0.8556919	0.6841478	0.7017487	0.727849	0.81894934	0.83189183	0.8003095	0.7967289	0.817255	0.7398195	0.52170205	0.7729573	0.78307855	0.9021329	0.84957725	0.70948124	0.9069533	0.6558398	0.71551156	0.899795	0.89589477	0.8662297	0.7326015	0.7771594	0.86973345	0.8351321	0.7778055	0.7867222	0.74265575	0.7323856	0.94281584	0.7487953	0.8171315	0.7569604	0.7841501	0.7477757	0.84877175	0.860448	0.8910493	0.79939234	0.76492465	0.6669544	0.9043193	0.8125349	0.7696112	0.88782746	0.6504757	0.9370805	0.69131345	0.736823	0.790003	0.7011883	0.9035387	0.9056587
minderheid/noun	0.8734791	0.92946637	0.91973776	0.941627	0.9301809	0.91350824	0.95944715	0.92767686	0.92141205	0.9180868	0.9448902	0.8223429	0.9365352	0.9019169	0.92273104	0.93422663	0.96636856	0.937136	0.0	0.9355045	0.87268496	0.9445335	0.93598264	0.95611197	0.9134131	0.94453484	0.9291921	0.5989539	0.85837066	0.9727641	0.93391335	0.8958042	0.85366106	0.89925957	0.91166526	0.76045114	0.94010854	0.85732645	0.941018	0.8966408	0.8603556	0.91641253	0.93086445	0.9371907	0.90229213	0.9287069	0.9268322	0.942312	0.93656266	0.956185	0.8617368	0.82081854	0.8339118	0.9459352	0.9242776	0.85544115	0.8716569	0.9259136	0.90215206	0.82424206	0.94072455	0.8427706	0.8931427	0.8948575	0.92467594	0.9037131	0.8574688	0.9122221	0.662643	0.8717536	0.8207797	0.9057583	0.89109385	0.9469303	0.93515074	0.85778856	0.7489713	0.9371296	0.8629689	0.8135923	0.91961104	0.7869373	0.9236989	0.87943524	0.94588375	0.87902904	0.7342387	0.8626223	0.9404246	0.7841099	0.92849255	0.9272464	0.92236865	0.9398991	0.9291679	0.9072049	0.9192131	0.86615515	0.8955359	0.7768775	0.96448874	0.5645203	0.9627546	0.94254196	0.7945983	0.8877427	0.91672534	0.956178	0.92741954	0.92228425	0.78589463	0.7051151	0.8103348	0.9487001	0.9175591	0.88030934	0.91512597	0.9168691	0.97575986	0.8154091	0.93412095	0.7248532	0.8129679	0.95357835	0.8845048	0.93976474	0.90127075	0.92507243	0.9350875	0.91511256	0.9475196	0.88559216	0.9347722	0.9209481	0.94297343	0.95816565	0.910702	0.9199913	0.88184994	0.89940184	0.88827604	0.9334738	0.7607138	0.90518856	0.9314307	0.88606215	0.9117386	0.8467152	0.8900807	0.9288265	0.8692949	0.7846776	0.8919864	0.86722875	0.87185967	0.93947023	0.7302018	0.8766542	0.85687196	0.8941014	0.9169094	0.88064414	0.9347974	0.844906	0.8737904	0.90638924	0.8070936	0.941942	0.723136	0.9666041	0.9048401	0.85123575	0.910528	0.7739197	0.9479791	0.9097301	0.927659	0.8255068	0.88115615	0.6481811
bal_DIM/noun	0.84649676	0.7610418	0.8451472	0.81848687	0.8482499	0.7402863	0.8122948	0.6745542	0.7875838	0.8077309	0.68705493	0.8980965	0.72077155	0.77388334	0.8114069	0.742115	0.819775	0.734779	0.9355045	0.0	0.8681352	0.71057236	0.66160476	0.87828124	0.80074626	0.87426066	0.83055	0.91803396	0.8556342	0.90066075	0.7744018	0.88498604	0.8679191	0.75651705	0.78659916	0.93537664	0.7951498	0.8363609	0.7200823	0.74603003	0.8470435	0.7930977	0.7667699	0.6828414	0.91163737	0.66057044	0.8204688	0.78040695	0.8926827	0.6693579	0.7888211	0.90772027	0.8651444	0.77742004	0.7781341	0.84475183	0.95731187	0.711175	0.79318404	0.88505316	0.78816867	0.8585024	0.8811539	0.8595748	0.67565644	0.7712256	0.8207299	0.897399	0.9105702	0.85540587	0.8500188	0.8698108	0.8518933	0.8382512	0.69734657	0.8805544	0.89075637	0.75581855	0.88985974	0.82249665	0.79058975	0.9081538	0.8849202	0.8329651	0.84047735	0.884921	0.91841155	0.86414516	0.76715875	0.8785652	0.6795581	0.9166257	0.70681703	0.8490186	0.7747924	0.77801454	0.8805531	0.8996491	0.8337839	0.9254735	0.80862296	0.93978375	0.83761436	0.7563621	0.8996463	0.8150482	0.75470996	0.7784906	0.72528195	0.88491076	0.8580204	0.8466269	0.85935754	0.6424689	0.7114754	0.7537255	0.81464726	0.7610159	0.8484801	0.82418203	0.7477098	0.8717055	0.87459314	0.7527884	0.75313056	0.8800689	0.8862924	0.81489	0.80788076	0.8455006	0.5569583	0.8463174	0.7375552	0.8503674	0.85864466	0.7527244	0.725865	0.83413345	0.81643516	0.8602463	0.868145	0.72200835	0.9280915	0.7479742	0.7401288	0.8745668	0.9015754	0.8498823	0.804722	0.8227198	0.8823626	0.8783008	0.89467436	0.8446205	0.80700517	0.7762654	0.9099466	0.83048064	0.87825274	0.8033625	0.7719589	0.79300845	0.89003074	0.84674793	0.916184	0.7561686	0.7917349	0.7187803	0.89087784	0.8806621	0.787314	0.87347287	0.77984893	0.9421236	0.8161219	0.75511646	0.753223	0.76469404	0.8657291	0.92515874
