	goud/noun	fabrikant/noun	vervanging/noun	diesel/noun	bier/noun	hoe/adj	middel/noun	nog/adv	bus/noun	hoofdzakelijk/adj	vlag/noun	pc/noun	amusement/noun	krediet/noun	medicijn/noun	BMW/name	alles/noun	effectbejag/noun	vrij/adj	internet/noun	techniek/noun	Kinepolis/name	oog/adj	vlees/noun	product/noun	vervoer/noun	om/comp	stuk/noun	woning/noun	type/noun	overigens/adv	arbeid/noun	versie/noun	factuur/noun	luchtvaart_maatschappij/noun	relatief/adj	mode/noun	te/comp	die/det	kop_DIM/noun	zo/adv	antibioticum/noun	extreem/adj	maaltijd/noun	model/noun	onderwijs/noun	dollar/noun	euro/noun	kleding/noun	en/vg	meestal/adv	vlucht/noun	ticket/noun	ding/noun	uitgave/noun	erg/adj	rommel/noun	hout_soort/noun	het/noun	grond/noun	elektriciteit/noun	kantoor_ruimte/noun	kool/noun	kwaliteit/noun	ze/pron	programma/noun	arbeid_kracht/noun	huisvuil_zak/noun	niet/adv	charme/noun	consument/noun	iets/noun	Gill/name	eten/noun	truc/noun	boek/verb	aandeel/noun	abonnement/noun	winkel/noun	trip/noun	tarief/noun	grafiek/noun	zo/adj	echt/adj	formule/noun	appartement/noun	bewering/noun	prijs/noun	populist/noun	genees_middel/noun	stroom/noun	vooral/adv	gerecht/noun	spul/noun	hotel/noun	merk/noun	mest/noun	tweewieler/noun	sperma/noun	pak_DIM/noun	leven_middel/noun	paraplu/noun	Konmar/name	productie/noun	flink/adj	alternatief/noun	lijn_dienst/noun	dat/det	wao/noun	huur_woning/noun	kamer/noun	bel/verb	inseminatie/noun	lening/noun	opvang/noun	spul_DIM/noun	bedrijf_investering/noun	merkelijk/adj	pin/verb	heel/adv	makelaar/noun	devaluatie/noun	strafschop/noun	Brussel/name	Unilever/name	rook/verb	inkoop/noun	reis/noun	rij_auto/verb	lekker/adj	juist/adv	uiteindelijk/adj	strafschop_doelpunt/noun	vaak/adj	technologie/noun	heruitgave/noun	permanent/adj	grondstof/noun	veel/adj	ster_restaurant/noun	telecom_aandeel/noun	maatschappij/noun	coke/noun	was_poeder/noun	wij/pron	rij_DIM_huis/noun	artikel/noun	bedrijf/noun	aanzienlijk/adj	ham/noun
goud/noun	0.0	0.8807184	0.9120692	0.8488014	0.8232435	0.935504	0.90350246	0.88432753	0.92627037	0.83023995	0.7666594	0.88509476	0.88119304	0.86365634	0.8932102	0.8445643	0.8860365	0.9243029	0.9172431	0.9197388	0.8831876	0.8883649	0.869641	0.818567	0.84582543	0.9277747	0.88657933	0.8322313	0.91112095	0.88449275	0.89061177	0.8826683	0.8952819	0.9040852	0.90547824	0.8720442	0.8834467	0.8635314	0.8401908	0.8409337	0.9165637	0.91312313	0.90215	0.88706285	0.8439112	0.971727	0.80831146	0.854142	0.8035015	0.7658716	0.8497492	0.89129674	0.78363544	0.9229538	0.9264734	0.93569773	0.86277276	0.8392648	0.95356673	0.8286353	0.86992127	0.91724765	0.75111455	0.89574814	0.8378031	0.9346202	0.8903743	0.8704051	0.91879964	0.86215043	0.9032404	0.90388566	0.94229436	0.8720075	0.88006294	0.90461904	0.82772386	0.8830082	0.88062936	0.8612845	0.93754524	0.86922365	0.9394727	0.88938105	0.89675003	0.8952893	0.9240258	0.80017626	0.9132105	0.9007946	0.869727	0.8936554	0.89124316	0.77552164	0.910271	0.859627	0.84154	0.9018268	0.8820029	0.805686	0.8512888	0.86492425	0.9413492	0.87757885	0.84959036	0.91262007	0.9580896	0.91291875	0.9523707	0.9040173	0.89334095	0.95613325	0.97680473	0.8773049	0.9716304	0.84625816	0.9661077	0.9419888	0.9033885	0.9176012	0.85802054	0.9055507	0.86712646	0.9262547	0.8866226	0.9263971	0.85826814	0.90898275	0.9032352	0.8887606	0.9097267	0.8444489	0.94260365	0.89823973	0.8954261	0.9124061	0.910802	0.738716	0.88630396	0.9355504	0.8992746	0.9085569	0.8392242	0.87780416	0.9013376	0.9250215	0.9363664	0.88709885	0.8761404	0.8406417
fabrikant/noun	0.8807184	0.0	0.79995286	0.77160674	0.7627835	0.8826111	0.7772711	0.89032507	0.8764118	0.7889108	0.85234684	0.63470227	0.8379216	0.79775214	0.6623394	0.7547141	0.88821393	0.92759955	0.90298676	0.67510766	0.7233205	0.787641	0.840832	0.80163825	0.5134821	0.79964036	0.736819	0.85381603	0.88091147	0.7357876	0.7838014	0.8161493	0.7523773	0.7627937	0.64290905	0.80671257	0.794249	0.7323132	0.7824659	0.8594112	0.85390484	0.78015727	0.8563698	0.80224913	0.6447165	0.8748939	0.80402684	0.82817364	0.67787564	0.7325983	0.8074918	0.8780431	0.8409987	0.8937382	0.79107714	0.88895524	0.8241373	0.8692142	0.94552606	0.86957544	0.7279426	0.8503371	0.8145803	0.8010789	0.80389434	0.8175522	0.8337153	0.79872924	0.86390626	0.8955106	0.6069627	0.89838386	0.8898128	0.8213552	0.8107692	0.82599133	0.7584753	0.73053074	0.68943787	0.86948484	0.7637297	0.82240045	0.8976115	0.8898478	0.7273724	0.8749204	0.86315626	0.7333155	0.8816327	0.6318488	0.71085227	0.78063124	0.81424856	0.7056016	0.8394275	0.46785253	0.8170866	0.84890157	0.8637928	0.7392309	0.66940165	0.83317363	0.7794132	0.6399342	0.800902	0.8159205	0.8824494	0.8699762	0.8802578	0.85462725	0.856186	0.8433559	0.90597194	0.8113542	0.8636154	0.829226	0.87884253	0.8960276	0.8329128	0.8867885	0.71181744	0.8820494	0.93999773	0.8973074	0.62375164	0.83547777	0.7379802	0.866346	0.84269404	0.8964715	0.8303245	0.86062413	0.94954777	0.8068155	0.61839044	0.8896346	0.849083	0.68413615	0.8533675	0.89785516	0.8514066	0.7279639	0.8332941	0.76750505	0.78699404	0.8852999	0.8079074	0.51756924	0.77916175	0.8540581
vervanging/noun	0.9120692	0.79995286	0.0	0.8403766	0.88410944	0.886414	0.80656433	0.8498298	0.8614106	0.8096203	0.88699794	0.83243	0.89106333	0.8147489	0.8066264	0.87253594	0.87919265	0.9415592	0.87676984	0.862689	0.7917843	0.87364167	0.86183393	0.8824155	0.8312718	0.79761165	0.75014025	0.8375347	0.85116756	0.8172951	0.81224847	0.7935901	0.8535586	0.84126955	0.8518832	0.8396287	0.8994167	0.79180765	0.79451734	0.870031	0.86039066	0.8453579	0.868053	0.83995163	0.8046275	0.8222835	0.9106792	0.8957666	0.8259936	0.7281666	0.8083756	0.85840213	0.89523584	0.90202236	0.79818106	0.8522777	0.8525232	0.8867656	0.89550316	0.8287466	0.7761518	0.830523	0.8761232	0.84245765	0.84965026	0.8676725	0.8168851	0.89140964	0.840046	0.90909964	0.85125047	0.8895201	0.90923274	0.8741311	0.85234606	0.8993625	0.9040648	0.8331871	0.86935174	0.8519555	0.83509564	0.88284755	0.86464083	0.86425793	0.8132298	0.8895178	0.86554813	0.90032	0.92356986	0.80880123	0.8017128	0.8245007	0.891118	0.8316803	0.88835055	0.8605354	0.8558932	0.89782923	0.891671	0.830392	0.8557997	0.8759378	0.8690262	0.77915525	0.8561961	0.73004484	0.88724446	0.846148	0.83141243	0.84167665	0.8718132	0.8980108	0.9107301	0.8214834	0.7694139	0.8841427	0.90992135	0.92697185	0.8661893	0.87342834	0.8640808	0.86921495	0.8782414	0.9029156	0.8718385	0.8833362	0.85804474	0.89023197	0.88096625	0.91566604	0.8228954	0.8302501	0.92487055	0.825542	0.7924568	0.8838217	0.7936184	0.8217708	0.8562342	0.95868707	0.9386593	0.83796024	0.9007587	0.9152167	0.8198749	0.90899116	0.8972796	0.8391246	0.8142449	0.9003508
diesel/noun	0.8488014	0.77160674	0.8403766	0.0	0.71804726	0.9072324	0.7900206	0.8922771	0.8133709	0.8551247	0.8919067	0.781743	0.8633846	0.7967775	0.7556177	0.71049905	0.8920278	0.92710906	0.8582717	0.85299456	0.78045475	0.87008655	0.8717854	0.7794278	0.6949966	0.75716585	0.8232115	0.8209399	0.8354126	0.7924421	0.8545719	0.76992357	0.7977085	0.80897135	0.8550298	0.7607607	0.9103015	0.83146465	0.8230226	0.84062374	0.8505292	0.79247904	0.8297296	0.8171043	0.7610973	0.89874953	0.8169171	0.79289746	0.79536235	0.77002174	0.82946885	0.8674637	0.8441392	0.9197169	0.81406844	0.88027924	0.8495383	0.86297274	0.9361665	0.8359546	0.66943276	0.8602399	0.7218469	0.83225745	0.8672946	0.8820581	0.81436133	0.7692838	0.9004567	0.8840622	0.75991976	0.9064226	0.93545496	0.8433943	0.8528061	0.9013219	0.82212806	0.8007307	0.8334429	0.89198357	0.725041	0.8765598	0.8745529	0.8944534	0.81375325	0.8792825	0.9026195	0.68033826	0.9177099	0.7516556	0.71449137	0.8584021	0.87475103	0.7515788	0.8865067	0.76691365	0.72615373	0.8473045	0.83398634	0.8101705	0.7433399	0.87614185	0.85571593	0.7523182	0.7979678	0.7799937	0.89760756	0.8786133	0.86981153	0.7993077	0.8599263	0.9194981	0.88920224	0.82014936	0.88776517	0.87448543	0.8816039	0.83862287	0.8769159	0.8671681	0.86338246	0.88635564	0.9437849	0.9140724	0.8368419	0.8884715	0.793012	0.89432037	0.7721706	0.85170543	0.8617484	0.8924923	0.95207983	0.87393963	0.783627	0.9142818	0.8763273	0.6990845	0.8321736	0.93089366	0.89835346	0.8698406	0.8349933	0.7885505	0.8948244	0.8977761	0.91317576	0.82997835	0.75130606	0.84760916
bier/noun	0.8232435	0.7627835	0.88410944	0.71804726	0.0	0.89598054	0.86653614	0.893016	0.86288154	0.8100025	0.85172594	0.8151096	0.80384296	0.8934506	0.75414723	0.83997464	0.84113586	0.92134976	0.8689185	0.8520378	0.8491404	0.8833358	0.8333571	0.5508797	0.6242163	0.8678715	0.86312705	0.7821541	0.8899075	0.78040785	0.8845743	0.8759025	0.8148299	0.8840786	0.89857906	0.82640517	0.82089067	0.85482156	0.82756716	0.5515882	0.84213793	0.8157495	0.8542364	0.5452672	0.7802684	0.93810195	0.8845341	0.87303567	0.6949461	0.654411	0.73364365	0.90548	0.84124494	0.8661734	0.88420194	0.86357623	0.75049514	0.8442944	0.92879903	0.8430266	0.8067028	0.8740592	0.660205	0.8480093	0.78238875	0.85796356	0.8659324	0.7811567	0.9089811	0.8337899	0.79005915	0.84847957	0.9288323	0.5289874	0.85252994	0.93154955	0.8977945	0.83800656	0.72791094	0.87806165	0.90140927	0.8730677	0.8775543	0.83576906	0.82349384	0.8730133	0.91530937	0.7693603	0.92093664	0.778286	0.82435393	0.82785285	0.6786527	0.6671065	0.8221257	0.67817444	0.7548838	0.8641608	0.7913833	0.59056795	0.67657226	0.7906356	0.8413218	0.7788148	0.759441	0.86835086	0.9336451	0.899724	0.9368237	0.88602996	0.8056122	0.9268551	0.9364973	0.915507	0.9348116	0.77079034	0.9360542	0.8885996	0.8716865	0.8417685	0.8661384	0.9351565	0.95059294	0.9359274	0.842625	0.70980346	0.79983866	0.88132674	0.8116404	0.57567286	0.88013613	0.9198631	0.976333	0.8398675	0.8457114	0.9273895	0.9116313	0.7274741	0.81269985	0.8427694	0.9154021	0.9130822	0.72138095	0.6691892	0.8852043	0.8977201	0.90655744	0.8889351	0.87366354	0.60756147
hoe/adj	0.935504	0.8826111	0.886414	0.9072324	0.89598054	0.0	0.8328075	0.74672276	0.9549043	0.8589106	0.9434443	0.8503688	0.8339565	0.90608245	0.84221256	0.92003524	0.71987593	0.8859191	0.7935382	0.8598264	0.75649214	0.92516863	0.81975543	0.8657898	0.85676265	0.90983397	0.75619805	0.79300547	0.9547741	0.78405684	0.7501691	0.86301726	0.86300474	0.89856666	0.9322072	0.81029403	0.8269797	0.72010607	0.7054911	0.86807585	0.46042025	0.8440095	0.7413255	0.8763506	0.79910254	0.8942328	0.9711557	0.97553873	0.8368875	0.75507337	0.73281515	0.91574824	0.97124445	0.60467017	0.88705873	0.6119269	0.88470256	0.9044561	0.69707716	0.9099407	0.9168406	0.9282247	0.8956689	0.8337414	0.62219584	0.85305613	0.8915676	0.9419571	0.7173704	0.8428907	0.7781673	0.683379	0.91930443	0.84984946	0.76437247	0.94473195	0.9494338	0.94333524	0.94063914	0.8392592	0.914917	0.82294536	0.5978287	0.67522377	0.80810225	0.94901735	0.8077016	0.9152122	0.8696877	0.8478242	0.88828015	0.76351976	0.8302397	0.85847235	0.93652743	0.8911884	0.8656602	0.8921435	0.8481547	0.88089275	0.8932879	0.8780561	0.9081138	0.9217744	0.9160702	0.82213575	0.94762105	0.6445417	0.8793686	0.93277055	0.9223789	0.89289635	0.89745665	0.93353534	0.8972358	0.8859496	0.9422764	0.893067	0.8768967	0.5597312	0.8605021	0.91049594	0.9590866	0.96991575	0.8923797	0.86500335	0.90280634	0.85631144	0.81654286	0.7987408	0.71909696	0.84545046	0.9655326	0.66087353	0.79911125	0.91456807	0.89060336	0.86592156	0.6649297	0.947067	0.93755656	0.8056419	0.90791214	0.923517	0.6623338	0.915424	0.86540335	0.9035039	0.8745692	0.906968
middel/noun	0.90350246	0.7772711	0.80656433	0.7900206	0.86653614	0.8328075	0.0	0.8843441	0.9103324	0.76374215	0.9393332	0.7811575	0.8189864	0.71252084	0.47237372	0.8804643	0.87198156	0.88006365	0.8234449	0.769627	0.6531706	0.89661264	0.89668304	0.8251959	0.6112086	0.70343107	0.61819947	0.8860983	0.8457246	0.7752339	0.76997864	0.7110723	0.8552359	0.815869	0.8609712	0.768757	0.8722962	0.7038389	0.80025476	0.91654205	0.8403429	0.5744496	0.8021305	0.83679795	0.7857323	0.7316469	0.8695225	0.8532026	0.8156924	0.72896385	0.78852284	0.88880247	0.8642552	0.8651515	0.70872486	0.861303	0.8690325	0.866858	0.89632803	0.8372993	0.7809848	0.7861961	0.86886656	0.74212205	0.8444503	0.8361826	0.7112427	0.85418504	0.8220669	0.86472905	0.76921976	0.8813165	0.90572214	0.862424	0.7462569	0.9024774	0.83861387	0.84775645	0.8932676	0.9019117	0.82042074	0.8848752	0.8800789	0.88040173	0.76105136	0.89209217	0.81412274	0.8384817	0.9217489	0.46252775	0.8093294	0.7723057	0.81090224	0.7326714	0.92386633	0.80211455	0.7731844	0.89011985	0.7889818	0.84971404	0.7653191	0.8748946	0.8751466	0.73745143	0.8530112	0.68100846	0.9109813	0.8382005	0.8196876	0.767393	0.8980024	0.9451619	0.8504269	0.7761663	0.7073612	0.88180417	0.9215462	0.90367246	0.8972567	0.85882044	0.8494941	0.88653123	0.931224	0.9030535	0.8411325	0.7836189	0.81427574	0.9013015	0.8295707	0.9331069	0.76629984	0.8620968	0.95474744	0.7675481	0.6243188	0.89485687	0.78870344	0.64943147	0.8009276	0.9388941	0.9159592	0.781811	0.801629	0.8793941	0.8096635	0.9229591	0.86689353	0.75873905	0.7350892	0.8952296
nog/adv	0.88432753	0.89032507	0.8498298	0.8922771	0.893016	0.74672276	0.8843441	0.0	0.9209623	0.8898487	0.93728125	0.8848028	0.8917292	0.8626868	0.88720727	0.8880466	0.7515955	0.9095986	0.8413923	0.89465	0.86608434	0.86763686	0.8869915	0.8971006	0.8994236	0.9166583	0.74515736	0.8422299	0.9000776	0.8890533	0.727252	0.89866	0.88365984	0.8837966	0.89980453	0.83456105	0.90349805	0.7466182	0.77415335	0.8604592	0.7625136	0.8713645	0.888194	0.87982845	0.8827042	0.9168167	0.9064086	0.9110392	0.89218324	0.87034607	0.7833356	0.896474	0.88640875	0.760154	0.8833463	0.8180906	0.8605361	0.92423713	0.79996073	0.8944605	0.9218178	0.90183586	0.8831365	0.8728382	0.7290368	0.885607	0.87046385	0.9188798	0.68497896	0.88355047	0.8563891	0.73848283	0.9269934	0.8611073	0.87592304	0.89749485	0.9098629	0.8787663	0.903178	0.8146155	0.89480436	0.9035426	0.8564126	0.74363995	0.8392569	0.90508574	0.8668599	0.9047171	0.9268654	0.8801185	0.91060567	0.8568481	0.83995306	0.851043	0.9085766	0.8893839	0.87085	0.9039992	0.88230187	0.88653004	0.9117057	0.89759517	0.90253234	0.9150461	0.7978078	0.8310335	0.927197	0.7600225	0.89446926	0.8761754	0.8906229	0.8924971	0.92728597	0.8975563	0.9003609	0.88016903	0.93022764	0.86771953	0.87256116	0.73632604	0.86928755	0.9044051	0.8671008	0.9306845	0.8628059	0.9051605	0.9061757	0.8548807	0.8555044	0.8025908	0.8380223	0.73847914	0.87244606	0.8109928	0.883029	0.91635436	0.8821615	0.9046159	0.7138352	0.9432535	0.9129805	0.8942114	0.90582025	0.92886305	0.6950169	0.9050265	0.93123007	0.8892267	0.8492832	0.88404006
bus/noun	0.92627037	0.8764118	0.8614106	0.8133709	0.86288154	0.9549043	0.9103324	0.9209623	0.0	0.85255367	0.8275769	0.8356262	0.92393243	0.9159913	0.88814026	0.6341364	0.9035298	0.9592944	0.9082309	0.83955854	0.912447	0.86034244	0.8671097	0.9050635	0.89806736	0.6252806	0.8035111	0.8869137	0.7760693	0.8315865	0.9205681	0.9264831	0.9315445	0.83762634	0.83453333	0.891984	0.93715674	0.7955119	0.8597554	0.86533046	0.9353107	0.93221706	0.9145609	0.82661265	0.88063586	0.91992027	0.9286138	0.898807	0.8374101	0.7635057	0.81658715	0.7070286	0.8174381	0.9375065	0.9082731	0.9552729	0.8245679	0.9655384	0.97753143	0.8229828	0.8082314	0.8740237	0.8547221	0.9489031	0.76665944	0.9172862	0.8918422	0.85487276	0.915562	0.9219732	0.8897848	0.9391345	0.9317184	0.87805754	0.8780993	0.92353785	0.9539173	0.77806807	0.7673624	0.83001393	0.8496021	0.9225388	0.93406254	0.9359318	0.8804313	0.817882	0.91511047	0.9057651	0.94468445	0.89321417	0.7898059	0.9114501	0.91743714	0.784207	0.70851856	0.8964989	0.8427942	0.70937407	0.9188571	0.7828621	0.8565952	0.82828474	0.90173626	0.9083057	0.87017107	0.8607039	0.8044006	0.95252883	0.92775667	0.87397635	0.8008047	0.80650157	0.9340544	0.94091094	0.85527277	0.8539452	0.96812594	0.902485	0.8865167	0.9293229	0.87153685	0.9501473	0.9384169	0.78983575	0.9317951	0.88982993	0.86144674	0.79615664	0.81300354	0.8720432	0.93785286	0.8372088	0.94785094	0.8423423	0.89747465	0.9452117	0.833522	0.8949373	0.90462345	0.93686086	0.94361234	0.8707871	0.8721602	0.89563143	0.8917894	0.9046106	0.94754916	0.8990543	0.87763757	0.9128376
hoofdzakelijk/adj	0.83023995	0.7889108	0.8096203	0.8551247	0.8100025	0.8589106	0.76374215	0.8898487	0.85255367	0.0	0.816774	0.822969	0.7666695	0.8038359	0.7748241	0.84828514	0.85787606	0.8766132	0.8126442	0.78828925	0.7391496	0.8358893	0.80750424	0.7891949	0.729785	0.7876508	0.7853471	0.7723737	0.82844985	0.76312053	0.77921784	0.76214576	0.78042287	0.8338682	0.8151959	0.7074019	0.77328753	0.7956617	0.74215627	0.8442421	0.87150747	0.8219384	0.76750815	0.77663195	0.74457836	0.7783968	0.8458644	0.8530742	0.75548726	0.5768542	0.6222304	0.80417526	0.89552563	0.8774238	0.7523469	0.86199784	0.8116546	0.8741671	0.94265413	0.81725353	0.7855331	0.8321851	0.7907234	0.75522864	0.8321731	0.7679088	0.7659298	0.85611016	0.90313894	0.78932786	0.78429806	0.9065459	0.89778644	0.81007993	0.7909173	0.8681521	0.8077567	0.82724607	0.79611456	0.83567464	0.81889313	0.7711724	0.8917921	0.8592649	0.8067897	0.84506613	0.80723864	0.81507164	0.8785107	0.7592961	0.7732922	0.49946862	0.79821	0.8020707	0.81226045	0.7874366	0.79293054	0.8570854	0.8423472	0.8328016	0.7770622	0.83635294	0.8805511	0.72624683	0.80946696	0.82548404	0.8744725	0.8663011	0.8378702	0.8289353	0.83262014	0.89870715	0.9113548	0.81606144	0.7689706	0.8427326	0.8803293	0.8575702	0.8819681	0.8297746	0.7860772	0.84833395	0.94279736	0.82014054	0.7983253	0.84833056	0.7802506	0.8421705	0.8414245	0.8453627	0.7426983	0.8495683	0.9564173	0.68958104	0.7364812	0.8650278	0.74591357	0.731882	0.7561112	0.89392954	0.87912005	0.7628636	0.845983	0.8376803	0.82766086	0.8676854	0.82531524	0.7204234	0.7393378	0.8265025
vlag/noun	0.7666594	0.85234684	0.88699794	0.8919067	0.85172594	0.9434443	0.9393332	0.93728125	0.8275769	0.816774	0.0	0.8991105	0.90247494	0.9203554	0.9189979	0.8497885	0.9012857	0.93275833	0.91446996	0.9244969	0.92684215	0.89450824	0.8185506	0.8789717	0.8835748	0.9337091	0.87995374	0.8569298	0.8806309	0.8539721	0.899637	0.92199135	0.83546215	0.9053233	0.8184282	0.9355369	0.861766	0.8581594	0.8512474	0.7992052	0.9260733	0.938959	0.89801747	0.8788949	0.78798246	0.96291226	0.9313134	0.951094	0.73488617	0.7476436	0.8471413	0.8734031	0.8869815	0.932436	0.9106179	0.94584775	0.8492589	0.91158336	0.96225834	0.8362462	0.8979893	0.89992887	0.8426815	0.95130026	0.809306	0.92322785	0.9141699	0.86864513	0.93360305	0.8586605	0.9237576	0.9225403	0.9304689	0.890604	0.8871614	0.94334954	0.9491556	0.9249082	0.83149457	0.86758435	0.93442523	0.8635224	0.93452924	0.92669165	0.8867958	0.8647829	0.87563694	0.9375691	0.90355885	0.93100977	0.8948562	0.9076055	0.8576406	0.8035427	0.8385736	0.8331216	0.8915469	0.874554	0.9178695	0.76708233	0.87923527	0.69175345	0.9258845	0.9224911	0.90763956	0.93582964	0.9224134	0.94292253	0.9441803	0.9281482	0.83494484	0.93190706	0.96526796	0.9231983	0.94685334	0.8489949	0.97168577	0.95958227	0.91386384	0.91949934	0.86419624	0.8866892	0.9229337	0.87647307	0.93349713	0.91648966	0.9054669	0.89707506	0.9248174	0.89411426	0.89873517	0.9078507	0.9746665	0.8790166	0.9252827	0.9225966	0.86238676	0.91519547	0.9240806	0.95139897	0.9508251	0.8521348	0.9252922	0.9124785	0.9065978	0.87693256	0.89822483	0.9120474	0.9212444	0.88006556
pc/noun	0.88509476	0.63470227	0.83243	0.781743	0.8151096	0.8503688	0.7811575	0.8848028	0.8356262	0.822969	0.8991105	0.0	0.8080039	0.8024155	0.7520374	0.7747959	0.81537646	0.930923	0.84558904	0.46324372	0.6703245	0.8194917	0.8455373	0.83485585	0.6454576	0.81489843	0.7621795	0.812094	0.76043105	0.7657991	0.8490625	0.8333839	0.73358274	0.7754154	0.8374814	0.80480546	0.83075964	0.7339437	0.7895752	0.84679824	0.8515477	0.80258393	0.854604	0.80183893	0.693143	0.87060195	0.8604597	0.83707505	0.7392126	0.7449287	0.76299274	0.87543434	0.79521245	0.8559443	0.81082296	0.89419866	0.8146974	0.89089125	0.938211	0.8444842	0.7245288	0.79476947	0.8547491	0.81707525	0.77615905	0.76373404	0.81110567	0.79539895	0.8817493	0.89624	0.6992692	0.89081436	0.9085154	0.85080874	0.8009293	0.86793566	0.8446073	0.6889274	0.7179684	0.88228184	0.7885815	0.7783492	0.86944896	0.8779084	0.7717975	0.792355	0.8963692	0.7994896	0.91594034	0.7140112	0.7428339	0.8192864	0.8616432	0.6824379	0.8469364	0.7075628	0.8215207	0.81779027	0.84158367	0.7843031	0.7517495	0.833829	0.8677142	0.76109874	0.8528958	0.81366026	0.8808493	0.88407457	0.88093305	0.80339193	0.79296434	0.82161313	0.91008496	0.8483732	0.8580447	0.823254	0.88179773	0.88342583	0.86284006	0.8655614	0.7834263	0.9273369	0.9465577	0.8961134	0.8167339	0.88916194	0.81057703	0.86399883	0.8259876	0.8694319	0.8550428	0.88160056	0.975615	0.8004074	0.5955044	0.8919352	0.7839965	0.7767287	0.8553964	0.9187365	0.928094	0.82572544	0.8645405	0.8158747	0.8367748	0.87380975	0.8388336	0.7194139	0.80640525	0.88422936
amusement/noun	0.88119304	0.8379216	0.89106333	0.8633846	0.80384296	0.8339565	0.8189864	0.8917292	0.92393243	0.7666695	0.90247494	0.8080039	0.0	0.8813848	0.8351091	0.8734473	0.83660626	0.8093054	0.8266267	0.76703846	0.7214544	0.8808374	0.80002314	0.8363955	0.7702786	0.8428564	0.82340974	0.79121095	0.91737735	0.78849083	0.81541425	0.8016942	0.786222	0.90958333	0.90686136	0.823161	0.6981858	0.8347938	0.7711356	0.82467437	0.78798413	0.87415147	0.786876	0.7718783	0.8053141	0.8257819	0.9433261	0.9471172	0.7662119	0.67741954	0.74579036	0.89536524	0.87974536	0.81773144	0.8421977	0.8079001	0.8362634	0.90451115	0.8708061	0.88709426	0.8622572	0.8651832	0.8439151	0.76195854	0.82045376	0.6847643	0.8396438	0.8876608	0.85120416	0.72400075	0.7992777	0.82941824	0.9079651	0.7656955	0.7998158	0.9105659	0.9119492	0.85797954	0.8644949	0.8456695	0.877601	0.8374637	0.8524444	0.76585346	0.7667669	0.90581053	0.8628922	0.8753448	0.86538124	0.82826436	0.86898124	0.72548664	0.8409029	0.8472948	0.85010284	0.8028746	0.8569666	0.8726261	0.8662246	0.8565831	0.8315834	0.8655933	0.88125706	0.78077286	0.84284514	0.8211386	0.93509746	0.8319342	0.8993522	0.8715013	0.8917808	0.9070787	0.9142533	0.9068667	0.8523233	0.8669456	0.94214267	0.916379	0.90003526	0.76960385	0.86111885	0.9146564	0.94799703	0.8973905	0.8624002	0.8785966	0.83700013	0.8469536	0.83740646	0.79216176	0.7459563	0.88064337	0.9550973	0.75112	0.73467195	0.8846332	0.8653024	0.82618123	0.7666179	0.9195204	0.9055243	0.81570446	0.86269665	0.8811307	0.81570476	0.88603663	0.875431	0.8704756	0.8586584	0.8505516
krediet/noun	0.86365634	0.79775214	0.8147489	0.7967775	0.8934506	0.90608245	0.71252084	0.8626868	0.9159913	0.8038359	0.9203554	0.8024155	0.8813848	0.0	0.78187716	0.8795228	0.8815296	0.91266096	0.8606805	0.8094395	0.85698915	0.8271708	0.92799294	0.8904809	0.75098336	0.7998023	0.7323864	0.8829516	0.82946634	0.8782313	0.79903257	0.7714063	0.8976398	0.7231853	0.728827	0.763311	0.912404	0.7147934	0.78999317	0.90050507	0.88269806	0.84595376	0.8662388	0.83083415	0.8574273	0.8093989	0.65933204	0.66699386	0.8718092	0.8332649	0.8144138	0.85041696	0.77572405	0.92078614	0.6670172	0.8887875	0.9080432	0.9144218	0.92418844	0.8325026	0.7679789	0.7946347	0.87076557	0.824837	0.86536866	0.8752029	0.76640344	0.8071406	0.86332905	0.8866244	0.7198696	0.90814114	0.92486846	0.8862604	0.85388255	0.8096105	0.64814854	0.7065921	0.86229557	0.87388545	0.66907275	0.87903833	0.9176763	0.9217872	0.8251991	0.86094743	0.8576546	0.76327187	0.9050017	0.75017893	0.7606155	0.8009058	0.87910116	0.83698606	0.8869232	0.8350097	0.8409674	0.9103665	0.8768699	0.88868225	0.837507	0.8940587	0.88404185	0.7699532	0.79297185	0.81795835	0.88211936	0.8412399	0.80540216	0.73380274	0.88434756	0.8877679	0.92526406	0.3555907	0.77110326	0.9022287	0.8208106	0.8730875	0.8532016	0.89936465	0.75154775	0.8150486	0.88509804	0.89497966	0.76956	0.9214579	0.78573996	0.8914783	0.8864102	0.93760824	0.81586283	0.8357822	0.95097333	0.8475006	0.7950332	0.90274805	0.82634664	0.77062786	0.8348046	0.9189945	0.85638237	0.772049	0.89909524	0.90588987	0.82803565	0.90432495	0.893117	0.6374241	0.70663387	0.909239
medicijn/noun	0.8932102	0.6623394	0.8066264	0.7556177	0.75414723	0.84221256	0.47237372	0.88720727	0.88814026	0.7748241	0.9189979	0.7520374	0.8351091	0.78187716	0.0	0.85096216	0.86230475	0.92121106	0.86965495	0.78027165	0.6769393	0.8868277	0.8913481	0.74513876	0.5317645	0.7294611	0.7252844	0.86922085	0.8719638	0.7464688	0.8125792	0.7602762	0.8324064	0.7815592	0.86097425	0.77545446	0.8358514	0.73641634	0.7895422	0.86160344	0.8678421	0.42535132	0.792101	0.7397952	0.7393233	0.8025346	0.8564305	0.85697126	0.7048946	0.7153634	0.7360848	0.85751104	0.83524764	0.8681482	0.768713	0.8690895	0.8221524	0.8344912	0.91279465	0.8631364	0.71941996	0.837601	0.80946	0.8001305	0.7895803	0.8500361	0.7719775	0.79194325	0.8428673	0.89816517	0.706044	0.8917632	0.901333	0.739102	0.79513955	0.9116081	0.84189755	0.7832728	0.83053654	0.88006556	0.80060005	0.8647013	0.89238596	0.89289147	0.7754292	0.89954215	0.83938795	0.7896174	0.94279784	0.21708566	0.7709609	0.7871194	0.8248276	0.66671145	0.9031924	0.726541	0.7421845	0.8658506	0.7468456	0.7621282	0.63459146	0.8629603	0.876722	0.69886816	0.8165022	0.7514306	0.9084684	0.8369093	0.8073132	0.8024397	0.88395935	0.9062405	0.828464	0.7867289	0.7522421	0.8512364	0.90884537	0.87882763	0.8911183	0.88327867	0.83426595	0.8980627	0.9303108	0.92907876	0.8038815	0.69197404	0.7692394	0.8727659	0.79745644	0.8857925	0.8316779	0.86403525	0.96053493	0.72378343	0.6523185	0.9046184	0.83142185	0.62142867	0.8207395	0.89492685	0.9093935	0.8217745	0.72924584	0.7564644	0.84883773	0.9239204	0.85170823	0.76757634	0.7467279	0.84387124
BMW/name	0.8445643	0.7547141	0.87253594	0.71049905	0.83997464	0.92003524	0.8804643	0.8880466	0.6341364	0.84828514	0.8497885	0.7747959	0.8734473	0.8795228	0.85096216	0.0	0.8848648	0.9238497	0.8894834	0.8663547	0.8298361	0.78077567	0.7977851	0.8802038	0.7979108	0.8583059	0.83212185	0.84063596	0.70472634	0.7674533	0.85310626	0.9038098	0.82881445	0.86970836	0.7870574	0.8421765	0.8632822	0.7839494	0.83411115	0.8523458	0.87169456	0.88256896	0.8672266	0.8747494	0.7225205	0.92716444	0.85832566	0.8521459	0.76689076	0.7734062	0.8279374	0.8081688	0.864743	0.9129545	0.8959362	0.8980509	0.8604446	0.9156193	0.94344884	0.8291386	0.8164779	0.86897993	0.88203627	0.8827963	0.7674599	0.908641	0.8930402	0.8246813	0.8973697	0.86967385	0.83581686	0.8887077	0.8848422	0.9048902	0.8517904	0.8820684	0.8093298	0.8564326	0.7175262	0.88317484	0.8910391	0.8928288	0.9023607	0.8942887	0.81493884	0.7595283	0.88963443	0.8403515	0.9326319	0.83362305	0.83444846	0.86504006	0.8645928	0.7214047	0.7980876	0.6732507	0.8499381	0.69943374	0.8794676	0.7847547	0.8478528	0.8280793	0.81803524	0.8439129	0.8357187	0.8570559	0.9131593	0.89985836	0.9086868	0.8566083	0.83298576	0.8780062	0.9401825	0.8744906	0.9246989	0.86652553	0.91927785	0.89489746	0.88371694	0.9007695	0.8139094	0.90888476	0.9316583	0.8638175	0.74136066	0.89980257	0.8594142	0.8905374	0.8388511	0.8765249	0.8734497	0.8025095	0.9478963	0.862381	0.8106387	0.92049235	0.8829071	0.84638685	0.8831142	0.9038294	0.88535935	0.8394834	0.8596485	0.8371535	0.86347	0.86170447	0.9156353	0.77917385	0.82913977	0.90888506
alles/noun	0.8860365	0.88821393	0.87919265	0.8920278	0.84113586	0.71987593	0.87198156	0.7515955	0.9035298	0.85787606	0.9012857	0.81537646	0.83660626	0.8815296	0.86230475	0.8848648	0.0	0.87846327	0.82412755	0.8620937	0.80357486	0.8931613	0.8596405	0.8265041	0.8549255	0.89307195	0.7602711	0.79600674	0.87539554	0.8585493	0.78910434	0.88041323	0.8824117	0.86525756	0.9317655	0.8716526	0.8247434	0.6707001	0.7141193	0.8043456	0.6989968	0.86896545	0.8631327	0.83187497	0.8251065	0.9160167	0.93279433	0.9342376	0.780403	0.76966333	0.740366	0.88468426	0.87688303	0.6102947	0.880097	0.8128774	0.77684903	0.91360223	0.82509506	0.85254383	0.8706584	0.87077564	0.8401748	0.8625104	0.6415994	0.87021065	0.9122361	0.9050814	0.6803324	0.83147365	0.8364139	0.6336175	0.92888975	0.7773776	0.8104599	0.9544222	0.9373491	0.8911408	0.86492753	0.83145237	0.92223275	0.8547551	0.8101578	0.773151	0.8309699	0.87746406	0.86187613	0.8994036	0.8981898	0.87230206	0.89313424	0.8593372	0.8515062	0.72541845	0.89270926	0.880901	0.8408055	0.84635925	0.8722873	0.8283742	0.8691776	0.8492627	0.9123337	0.8892222	0.86088854	0.8623831	0.93695366	0.6643039	0.89298165	0.87731385	0.851916	0.9271772	0.9017594	0.90766597	0.8921934	0.809403	0.95356	0.91616154	0.8810406	0.74762017	0.84947085	0.9283401	0.93348026	0.94577724	0.89239216	0.87757957	0.86272484	0.8331089	0.8406726	0.77437806	0.83371925	0.792815	0.9378396	0.7884778	0.8301009	0.9286146	0.885132	0.8728662	0.7458586	0.93533564	0.93231356	0.8521379	0.89197624	0.9092422	0.6813135	0.88608545	0.89752	0.90980923	0.9054925	0.83715487
effectbejag/noun	0.9243029	0.92759955	0.9415592	0.92710906	0.92134976	0.8859191	0.88006365	0.9095986	0.9592944	0.8766132	0.93275833	0.930923	0.8093054	0.91266096	0.92121106	0.9238497	0.87846327	0.0	0.9005994	0.9317135	0.848464	0.91224706	0.86825967	0.9126651	0.9052208	0.94727427	0.86162627	0.8617586	0.9615596	0.8986961	0.8444489	0.893164	0.88006073	0.931172	0.94754624	0.8957156	0.8490845	0.8666184	0.8358368	0.9107808	0.8175001	0.91180956	0.8246845	0.94528717	0.890543	0.942506	0.9657095	0.97348946	0.88568205	0.8529637	0.8447777	0.9390744	0.93911105	0.8634764	0.9284746	0.8614833	0.91555405	0.92047495	0.8982486	0.92620325	0.9507165	0.9307263	0.9258069	0.8599676	0.86544585	0.9015833	0.91970044	0.9472148	0.8516153	0.84253836	0.886075	0.8725039	0.9512385	0.91465515	0.84985715	0.95554	0.9581731	0.9278586	0.9331321	0.92976683	0.9283978	0.90361166	0.8752056	0.82409877	0.8808197	0.9611653	0.88108605	0.92400914	0.8983082	0.9182793	0.9393694	0.82148623	0.91184	0.919656	0.9472604	0.90833175	0.9296077	0.9278648	0.93724406	0.93238586	0.95042765	0.91770786	0.9177934	0.8959428	0.925203	0.90804756	0.9572739	0.8563838	0.92758274	0.92890483	0.94426405	0.9458779	0.9574003	0.9315429	0.93101096	0.9437041	0.95382416	0.92913	0.9220232	0.84782493	0.8942975	0.92947316	0.9218025	0.9620542	0.9311233	0.93143696	0.94332165	0.9239661	0.90528	0.88957655	0.81154394	0.928684	0.95728016	0.80436504	0.8919967	0.9023958	0.92756885	0.927009	0.85412765	0.9527519	0.9165189	0.9132499	0.8991468	0.9550766	0.86151505	0.93776494	0.9258231	0.93977314	0.9288442	0.92174685
vrij/adj	0.9172431	0.90298676	0.87676984	0.8582717	0.8689185	0.7935382	0.8234449	0.8413923	0.9082309	0.8126442	0.91446996	0.84558904	0.8266267	0.8606805	0.86965495	0.8894834	0.82412755	0.9005994	0.0	0.8330171	0.8042222	0.8934557	0.7949646	0.89430666	0.838204	0.82220674	0.7991536	0.7434883	0.8937243	0.8084024	0.8077183	0.7954191	0.8340256	0.8971886	0.9158289	0.6680318	0.86112696	0.834654	0.79457164	0.8574252	0.7088375	0.87511533	0.7622744	0.8413282	0.821715	0.82874084	0.9295235	0.9246071	0.84424484	0.70169336	0.6888748	0.884605	0.9030611	0.8491682	0.8601156	0.71621543	0.8806723	0.89592487	0.8866112	0.8504528	0.8611403	0.8761649	0.89035153	0.833164	0.8436748	0.85732615	0.8442594	0.9166346	0.8532555	0.83986425	0.81892407	0.83103013	0.9299084	0.8422875	0.86811393	0.884552	0.8856386	0.8946348	0.8870328	0.8540266	0.84889376	0.8579811	0.75888425	0.84206223	0.8347368	0.8719514	0.88215363	0.86664224	0.88321346	0.85263675	0.85190284	0.7962578	0.8662949	0.8722125	0.8743351	0.8814985	0.87735736	0.88358784	0.8922616	0.89565116	0.88279814	0.8572861	0.9088841	0.8656162	0.848994	0.8448773	0.93551373	0.86547107	0.87426907	0.8943238	0.86039674	0.93201554	0.8961157	0.88780403	0.876301	0.8990102	0.91753584	0.8422434	0.874703	0.6938218	0.85155034	0.8834407	0.838447	0.9254423	0.8864541	0.8823738	0.8849519	0.87500465	0.8339241	0.80315197	0.78994066	0.8532017	0.8979777	0.7576914	0.8158615	0.89694643	0.8473348	0.8309775	0.7192288	0.9509874	0.90829426	0.834703	0.88758665	0.9318187	0.8161685	0.87211174	0.8728317	0.88086087	0.8376484	0.90922123
internet/noun	0.9197388	0.67510766	0.862689	0.85299456	0.8520378	0.8598264	0.769627	0.89465	0.83955854	0.78828925	0.9244969	0.46324372	0.76703846	0.8094395	0.78027165	0.8663547	0.8620937	0.9317135	0.8330171	0.0	0.7076075	0.8157981	0.89228946	0.8977076	0.6615691	0.7496595	0.7448994	0.8527486	0.8829203	0.83910334	0.82787365	0.83939195	0.7390331	0.7742452	0.81979877	0.8376118	0.80689317	0.7389957	0.79752827	0.9055451	0.8580498	0.84756005	0.86160725	0.83074296	0.76620436	0.8258066	0.86418647	0.842177	0.80423045	0.75882757	0.8141693	0.86034787	0.747648	0.8856131	0.7759531	0.91088384	0.8608635	0.9177716	0.94888884	0.9045141	0.7516071	0.82473385	0.8854842	0.8437691	0.8182284	0.726323	0.78499013	0.83847797	0.8825209	0.8911393	0.6564988	0.91065556	0.90956813	0.88191545	0.82594895	0.8585585	0.83592653	0.6386474	0.7574067	0.86641	0.7772381	0.7749816	0.91249883	0.8600671	0.7650953	0.9002595	0.8798909	0.83017296	0.9073434	0.719398	0.74712366	0.79057866	0.85753596	0.75947726	0.85254526	0.7494064	0.8785732	0.84770024	0.8943445	0.8343782	0.80281967	0.87225646	0.8523383	0.8036592	0.89074135	0.78530526	0.8628913	0.8863751	0.8838113	0.8405195	0.86840266	0.758721	0.87889695	0.84270406	0.8454437	0.8423341	0.9060919	0.8916646	0.8546968	0.87624353	0.7367184	0.9181843	0.96307814	0.8398114	0.826329	0.89425343	0.7981814	0.84323615	0.8500247	0.9104403	0.8317678	0.90047246	0.9770135	0.79755175	0.55862594	0.86018455	0.7881186	0.7976611	0.85436946	0.9174308	0.89404255	0.7891445	0.8577827	0.8804629	0.8322004	0.9145248	0.77919555	0.6997216	0.8213165	0.9174261
techniek/noun	0.8831876	0.7233205	0.7917843	0.78045475	0.8491404	0.75649214	0.6531706	0.86608434	0.912447	0.7391496	0.92684215	0.6703245	0.7214544	0.85698915	0.6769393	0.8298361	0.80357486	0.848464	0.8042222	0.7076075	0.0	0.8701716	0.80913985	0.83585185	0.60665417	0.77504104	0.6906023	0.7753631	0.8971018	0.7024983	0.79315394	0.7261822	0.7419581	0.86542046	0.89338416	0.7501712	0.6718542	0.74789774	0.7176678	0.8708313	0.767542	0.7423966	0.75104624	0.8184321	0.5980309	0.75004154	0.9470424	0.93467796	0.71257067	0.6229779	0.7393995	0.90639496	0.9306724	0.7709137	0.78500295	0.79996574	0.8512037	0.7901288	0.87632406	0.87243557	0.7724142	0.83834904	0.834895	0.6075764	0.8042184	0.7324939	0.7948522	0.89305955	0.8363168	0.73169315	0.7523205	0.81913745	0.9264811	0.8397217	0.6449961	0.898889	0.90332997	0.8464159	0.87087536	0.86030126	0.8185178	0.73183787	0.8220086	0.7985873	0.6242943	0.9198445	0.8311879	0.84502745	0.89002764	0.65883607	0.8165207	0.657324	0.818086	0.7978559	0.90611744	0.71449727	0.79103863	0.8307626	0.8012331	0.8691256	0.790853	0.8574013	0.87049437	0.69023985	0.8388767	0.71402663	0.8996285	0.79265934	0.85464716	0.85643923	0.8917336	0.94406074	0.85876274	0.875776	0.8086989	0.8650311	0.9049275	0.85811377	0.88028824	0.73631006	0.8479175	0.9125165	0.950161	0.9404996	0.8465341	0.8981149	0.81316376	0.8699971	0.80238414	0.85970724	0.68787515	0.8866513	0.95989144	0.727337	0.36565942	0.85964286	0.8016763	0.7033906	0.708328	0.9233302	0.92140806	0.74766624	0.8704854	0.8785673	0.80917853	0.8879837	0.8389861	0.79528457	0.79474247	0.8796716
Kinepolis/name	0.8883649	0.787641	0.87364167	0.87008655	0.8833358	0.92516863	0.89661264	0.86763686	0.86034244	0.8358893	0.89450824	0.8194917	0.8808374	0.8271708	0.8868277	0.78077567	0.8931613	0.91224706	0.8934557	0.8157981	0.8701716	0.0	0.8939946	0.92111707	0.8217207	0.86066425	0.81477535	0.85201967	0.8497218	0.9017293	0.8030223	0.8680415	0.8811562	0.84685415	0.73045015	0.8210112	0.9082604	0.77165353	0.8375701	0.9221778	0.8833318	0.9166191	0.88921106	0.8947023	0.8452211	0.9020278	0.798625	0.7876437	0.8842698	0.84359014	0.86196756	0.8605453	0.80554223	0.93492085	0.8406708	0.8984382	0.90298146	0.95348585	0.95106816	0.84964955	0.86357564	0.8365594	0.8951186	0.8707603	0.86202973	0.8459727	0.88588816	0.8645522	0.9012403	0.923294	0.83317304	0.911595	0.9003214	0.926419	0.8880411	0.81789815	0.6634102	0.8137525	0.7894349	0.8797119	0.82643175	0.8487936	0.9012523	0.88689184	0.79775286	0.8451012	0.8902687	0.8162665	0.9207221	0.83995986	0.84271806	0.8307994	0.91572773	0.89080846	0.80897087	0.7942307	0.89796335	0.8924657	0.91630995	0.8805078	0.887229	0.8869178	0.7825571	0.7733663	0.77981657	0.8852583	0.86882794	0.86703944	0.8954741	0.8513608	0.896104	0.911652	0.95426106	0.81681705	0.9154178	0.9231781	0.853864	0.89725876	0.90685016	0.89978087	0.83081585	0.86690414	0.93537676	0.8278355	0.67879754	0.91237485	0.8488389	0.880361	0.9150001	0.9214421	0.86051184	0.84302944	0.9303858	0.8879063	0.7932161	0.90147084	0.8527584	0.861446	0.8624797	0.9112574	0.8237732	0.80881155	0.90730613	0.90749973	0.8337569	0.9202553	0.90939134	0.6758697	0.794685	0.9377537
oog/adj	0.869641	0.840832	0.86183393	0.8717854	0.8333571	0.81975543	0.89668304	0.8869915	0.8671097	0.80750424	0.8185506	0.8455373	0.80002314	0.92799294	0.8913481	0.7977851	0.8596405	0.86825967	0.7949646	0.89228946	0.80913985	0.8939946	0.0	0.8486754	0.8482355	0.91243625	0.8585524	0.7573497	0.8505535	0.66956997	0.8459393	0.90082043	0.75742686	0.90502214	0.92183524	0.8161974	0.7915611	0.8801674	0.8217911	0.7688671	0.73766917	0.904446	0.7987015	0.83084285	0.7209405	0.94284964	0.9657827	0.96773076	0.7080806	0.64142185	0.72962767	0.89781547	0.9343643	0.8339689	0.88645923	0.73623115	0.8296913	0.8730645	0.8878956	0.8552495	0.9022944	0.8678159	0.8575309	0.8752469	0.7836051	0.86674035	0.8967694	0.909704	0.88862556	0.72708976	0.8797224	0.83615756	0.90854794	0.8234019	0.8099086	0.90220577	0.9498824	0.90225136	0.80589426	0.8216531	0.9242489	0.8228265	0.78737193	0.80071783	0.8380549	0.8199912	0.85404944	0.89993244	0.86789834	0.8948601	0.8742963	0.7973479	0.84085464	0.794228	0.8058066	0.80715334	0.8820215	0.8676272	0.88244724	0.77119493	0.8845954	0.8212185	0.9039973	0.86650324	0.8794452	0.8407273	0.95091486	0.8910684	0.91440034	0.9020957	0.77961606	0.89963347	0.94594723	0.93728155	0.9008077	0.8203498	0.96191335	0.90315765	0.89215344	0.7250537	0.8286128	0.92897445	0.8909764	0.9355258	0.9121374	0.87609726	0.90807337	0.8394502	0.85717833	0.76704705	0.7945279	0.8767627	0.9417759	0.73905504	0.85865927	0.8550888	0.85495913	0.8716343	0.82600266	0.9188483	0.9465136	0.8728306	0.8890897	0.9149561	0.8681772	0.81857395	0.8941735	0.92287624	0.8842804	0.86326563
vlees/noun	0.818567	0.80163825	0.8824155	0.7794278	0.5508797	0.8657898	0.8251959	0.8971006	0.9050635	0.7891949	0.8789717	0.83485585	0.8363955	0.8904809	0.74513876	0.8802038	0.8265041	0.9126651	0.89430666	0.8977076	0.83585185	0.92111707	0.8486754	0.0	0.5595342	0.83086574	0.84303904	0.6884706	0.9215814	0.8098402	0.883667	0.861254	0.8804215	0.87005484	0.9137754	0.8407202	0.87393415	0.824223	0.83605266	0.63703954	0.8405541	0.7204015	0.8455881	0.5760385	0.8369725	0.93433356	0.91847175	0.92140293	0.70654476	0.631039	0.7252618	0.9044632	0.90479016	0.87267464	0.89615345	0.86994076	0.7740584	0.8246114	0.9350661	0.7799019	0.78348553	0.9167324	0.4920894	0.8255446	0.7741618	0.9102075	0.8560749	0.8097146	0.89506	0.86947393	0.75411177	0.87826437	0.9243196	0.52183867	0.839954	0.9536127	0.9003285	0.8949404	0.8089886	0.90157306	0.9154284	0.9100702	0.8686015	0.8560715	0.87108004	0.9127067	0.8923634	0.80492496	0.92099637	0.7431423	0.80368394	0.851911	0.6647636	0.6994605	0.8934193	0.79380286	0.57331634	0.91245854	0.70755255	0.6427816	0.59642124	0.8614551	0.8664821	0.77902496	0.7579514	0.85021865	0.94727415	0.897005	0.9076224	0.8984233	0.88449425	0.94477004	0.90959966	0.9020334	0.9108408	0.8023555	0.9331377	0.9011034	0.88570875	0.86248714	0.8766265	0.92206967	0.95996714	0.95110023	0.84008884	0.7739928	0.80929655	0.9104242	0.8329545	0.57959545	0.8785746	0.8963901	0.97549474	0.829386	0.8452347	0.9405291	0.9184204	0.6330764	0.82598317	0.8819557	0.9363638	0.8943494	0.78377396	0.6994858	0.8895345	0.9116465	0.91912305	0.8326281	0.8758277	0.4265852
