	ongetwijfeld/adv	word/verb	doorsta/verb	bijzonder/adj	bekom/verb	bevrijd/verb	hoe/adj	groei_cijfer/noun	nog/adv	veiligheid_situatie/noun	klus/noun	noodzakelijk/adj	regering/noun	blijk/verb	Portugees/noun	bestrijding/noun	claim/noun	knok/verb	strijd/noun	voorspel/verb	verdedig/adj	oplossing/noun	behoorlijk/adj	reconstrueer/verb	koor/noun	rit/noun	cover/noun	schets/verb	kunstenaar/noun	demonstreer/verb	ervaar/verb	lijk/verb	op/adj	operatie/noun	leer/verb	perfect/adj	bereid/adj	zee/noun	clandestien/adj	post/noun	trek_aan/verb	altijd/adv	zelfs/adv	knot_gek/adj	begrijp/verb	al/adv	zorg/verb	beloof/verb	onderdeel/noun	Koerdisch/adj	dans/noun	echter/adv	parkoers/noun	definitie/noun	aandenken/noun	impasse/noun	opgenomen/adj	breng_op/verb	deelnemer/noun	god/noun	haal_uit/verb	zo/adv	reuze/adj	zijn/adj	brandweer/noun	voed/verb	vind/verb	meest/adj	begin/verb	beleef/verb	manoeuvreer/verb	moment/noun	tocht/noun	kwestie/noun	paar/noun	tijd/noun	sport/noun	zaak/noun	breng/verb	genoeg/adv	boekdeel/noun	uitslag/noun	positie/noun	prognose/noun	opdracht/noun	sprint/noun	het/noun	uiterst/adj	bel/noun	onderneem/verb	red/verb	publicitair/adj	kan/verb	tegenstander/noun	vreemde/noun	tafereel/noun	vang/verb	automobilist/noun	gijzelaar/noun	gedicht/noun	functioneer/verb	rente/noun	vrouw/noun	dreig/verb	avontuur/noun	opgaaf/noun	omgeving/noun	regelmatig/adj	toestand/noun	film/noun	binnenlands/adj	plotseling/adj	vracht_wagen/noun	kritiek/noun	duur/verb	ga_op/verb	verkeer/verb	toch/adv	verhaal/noun	zo/adj	ben/verb	dat/noun	opnieuw/adv	soms/adv	bestaan/noun	recent/adj	stand_DIM/noun	hulp/noun	ga_uit/verb	complex/adj	asymmetrische/adj	olie_prijs/noun	bespaar/verb	financieel/adj	woon/verb	knijp_dicht/verb	gewraakt/adj	dergelijk/adj	maak/verb	omstandigheid/noun	optie/noun	poging/noun	besluit/noun	even/adv	gemeente_kas/noun	overleef/verb	zie_uit/verb	gepaard/adj	talloos/adj	krakkemikkige/adj	stap/verb	doceer/verb	steeds/adv	trek/verb	situatie/noun	volk_raadpleging/noun	tref_aan/verb	gebied/noun	muzikaal/adj	stunt_werk/noun	leid/verb	meen/verb	blijf/verb	natuurlijk/adj	ambulanciers/noun	heel/adv	overhaast/adj	beschikbaar/adj	even/adj	warenhuis/noun	huidig/adj	voorbij/adj	koers/noun	enquête/noun	toer/noun	temeer/adv	exercitie/noun	luchtvaart/noun	ouverture/noun	kussen/noun	reis/noun	oversteek/noun	schipper/noun	slachtoffer/noun	vaak/adj	club/noun	herinner/verb	buig_om/verb	lijm/verb	standpunt/noun	wat/adv	minst/adj	onvoorspelbaar/adj	Brussels/adj	onderweg/adj	kracht/noun	weliswaar/adv	structuur/noun	iets/adv	onderneming/noun	onderwerp/noun	zeker/adv	angst/noun	chauffeur/noun	lever_op/verb	capriool/noun	president/noun	doel/noun
ongetwijfeld/adv	0.0	0.83589166	0.762394	0.62853575	0.843662	0.89756644	0.7469332	0.8276586	0.7503368	0.8908082	0.8095981	0.82359284	0.8873118	0.805629	0.8138615	0.8939259	0.86201507	0.81252337	0.83856666	0.79824895	0.7644934	0.86374843	0.69924897	0.7902298	0.83578736	0.9069963	0.7866392	0.7719998	0.81969756	0.8298772	0.7295439	0.7294527	0.88307035	0.83591515	0.8445088	0.8246849	0.8582362	0.8822582	0.863548	0.8756229	0.8253724	0.6461711	0.75784624	0.81535316	0.8087945	0.82563114	0.760761	0.7777547	0.8579915	0.90078783	0.80161	0.7179971	0.7986396	0.7941131	0.8421406	0.8558742	0.82422733	0.8736007	0.85649985	0.8236012	0.79682827	0.74953717	0.7526618	0.79170316	0.9268004	0.79477936	0.7721409	0.70471895	0.8459463	0.677816	0.8165488	0.7702284	0.8157371	0.80396646	0.83875114	0.8464559	0.7889896	0.8461318	0.8272364	0.73474807	0.7877284	0.8428925	0.83332217	0.8446193	0.84534854	0.86209	0.8009824	0.7527982	0.857739	0.87542677	0.88947356	0.77722776	0.7442581	0.77859867	0.8591685	0.7213852	0.8593532	0.8369911	0.91054875	0.773638	0.8542566	0.86719733	0.88051677	0.8541104	0.7464886	0.8333389	0.8459519	0.81669956	0.866976	0.72380173	0.826966	0.7573569	0.93411916	0.805281	0.9131538	0.8969592	0.89363843	0.651384	0.7074194	0.7949135	0.6822863	0.78686076	0.76930684	0.660064	0.8297294	0.76926744	0.8139073	0.9059717	0.88462305	0.7662133	0.87159085	0.8308648	0.85937667	0.82219476	0.9235728	0.87681353	0.8356172	0.7420434	0.8003363	0.8249089	0.8557429	0.8477652	0.8320094	0.7738869	0.86243343	0.8606455	0.8092049	0.75870675	0.72982013	0.87134683	0.9278601	0.86417127	0.7274442	0.82919276	0.83268714	0.8408108	0.9150266	0.8719633	0.6533071	0.8279368	0.8069017	0.83719283	0.79873925	0.6286571	0.91826904	0.64872825	0.83556277	0.89861596	0.7855034	0.89824635	0.8569312	0.7902599	0.868339	0.8741064	0.85068697	0.71151966	0.81909883	0.8122605	0.8287872	0.8356291	0.81215334	0.88731503	0.8499467	0.88914025	0.7263523	0.810515	0.8017251	0.8303751	0.8513575	0.8410077	0.7367849	0.71847904	0.7288612	0.91982985	0.8303167	0.80518025	0.7021853	0.8195132	0.78063405	0.85393435	0.7277161	0.7168217	0.7799741	0.9030424	0.72787356	0.8268552	0.90270936	0.8893224
word/verb	0.83589166	0.0	0.85369974	0.8341446	0.8362284	0.83347744	0.8015737	0.8282347	0.8013977	0.81161666	0.7924635	0.7742467	0.7283866	0.7942499	0.8138472	0.8205067	0.7598314	0.9115266	0.86478776	0.88071495	0.8548521	0.8395186	0.8176067	0.81860864	0.86790466	0.8593937	0.8799741	0.8998037	0.85563034	0.83118415	0.86154866	0.8624718	0.89669245	0.75257766	0.87483466	0.83722305	0.8462972	0.86171794	0.74354005	0.76051396	0.9121204	0.861929	0.77920485	0.8992535	0.9142747	0.77257097	0.8943148	0.82318014	0.8152578	0.75547075	0.883348	0.7456754	0.81977886	0.80447924	0.8508409	0.81420565	0.7829338	0.88857913	0.86988044	0.82873696	0.8814363	0.79920053	0.8768365	0.84149724	0.75682366	0.8394797	0.90915734	0.85129863	0.7843134	0.88686156	0.8337618	0.87789476	0.8426237	0.8218174	0.8615938	0.84640175	0.86179733	0.7612555	0.8980161	0.8502186	0.8334778	0.8367407	0.81185836	0.81699014	0.77072835	0.88492465	0.8905224	0.83613265	0.8370596	0.8468088	0.89925534	0.84591717	0.59605193	0.8104266	0.8866404	0.8298142	0.8141422	0.66250217	0.75441796	0.8613897	0.82158077	0.8040332	0.75743145	0.78830254	0.8950641	0.844522	0.7917613	0.71353036	0.75589836	0.8477894	0.8164488	0.80027527	0.71668273	0.8501529	0.84784245	0.8629079	0.84134775	0.85145426	0.862514	0.85225385	0.7830894	0.87757677	0.6569766	0.805754	0.8373947	0.85047513	0.80662453	0.78376406	0.889303	0.7998805	0.8688348	0.8207581	0.82228196	0.8068439	0.90190136	0.8539442	0.71697783	0.67920923	0.8433964	0.7869416	0.7628055	0.78206146	0.7511791	0.8390786	0.79371	0.8711612	0.90710217	0.8506546	0.7614921	0.863376	0.86813456	0.88473845	0.77455056	0.8863363	0.7958585	0.77553743	0.783305	0.7699497	0.8587294	0.8492159	0.85766673	0.89466536	0.8377129	0.8818582	0.8064369	0.8509182	0.79261	0.79165256	0.83607936	0.7952474	0.82236516	0.8487545	0.8373646	0.82114017	0.8584188	0.7955544	0.8854244	0.7994065	0.88166225	0.81785303	0.8414	0.82970536	0.7749183	0.7203814	0.73527145	0.85087514	0.91530496	0.88482916	0.8403999	0.81592864	0.8372419	0.8333913	0.83999634	0.7940542	0.82005745	0.83011276	0.7628102	0.7717773	0.8584691	0.73723257	0.82575005	0.8441032	0.82929695	0.6590694	0.8723723	0.8532144	0.8208363	0.83405656
doorsta/verb	0.762394	0.85369974	0.0	0.8116269	0.81995726	0.81519973	0.83896756	0.8602637	0.8206464	0.8896504	0.82562727	0.8054102	0.87608767	0.7872641	0.8167654	0.8504675	0.860216	0.834458	0.8469502	0.7931823	0.8311107	0.87594664	0.77282065	0.79062283	0.88452905	0.89780724	0.8518743	0.811398	0.8578491	0.79733557	0.73151505	0.7892814	0.8903306	0.8039926	0.8313288	0.8406627	0.8766769	0.8436254	0.8384477	0.88126945	0.8713002	0.8167882	0.80912316	0.8618391	0.818106	0.8058149	0.78671324	0.84610534	0.85256577	0.86551535	0.90311635	0.81238866	0.82882273	0.80261916	0.8680882	0.8330698	0.8329784	0.84553146	0.8789401	0.8616728	0.81640005	0.8364425	0.8475448	0.84082615	0.901134	0.7757077	0.8284367	0.8131628	0.79158986	0.7341117	0.82421255	0.8652007	0.84850466	0.8482869	0.86775875	0.8500819	0.8600312	0.8688371	0.8809949	0.84780025	0.81727535	0.8611228	0.86000955	0.8868729	0.8636731	0.87998676	0.857929	0.8147063	0.879144	0.8154677	0.8405445	0.83105016	0.8090975	0.8239457	0.90163475	0.78658277	0.81611484	0.85559875	0.8681658	0.8530082	0.787065	0.90531045	0.8748492	0.80758435	0.78709483	0.83936065	0.88093525	0.841926	0.82063574	0.8341401	0.86006486	0.809109	0.90309006	0.82038957	0.79958886	0.8560527	0.80152595	0.79829794	0.8181042	0.8368397	0.78828746	0.8223282	0.8346861	0.76331484	0.8561903	0.79109025	0.8560624	0.859652	0.8961771	0.7806568	0.86252224	0.8923866	0.8305571	0.852603	0.8775625	0.8482547	0.8557197	0.7833853	0.8449934	0.8220485	0.88906604	0.83269274	0.8813029	0.8251917	0.8955463	0.62792444	0.8305716	0.7222233	0.7894912	0.8967637	0.890682	0.8225668	0.8407581	0.8263891	0.8413707	0.8722366	0.8530829	0.8363634	0.8191948	0.86767364	0.73661834	0.8617031	0.8388617	0.8010672	0.90927416	0.81943357	0.8531226	0.8645122	0.8444232	0.903395	0.84468967	0.7507975	0.9080928	0.89571756	0.8315179	0.7460047	0.83841425	0.8085763	0.8698767	0.8674116	0.84734917	0.8562901	0.86695176	0.82478184	0.7942501	0.880583	0.81092	0.8508322	0.8401655	0.85106826	0.8176941	0.824759	0.77002585	0.9135976	0.82433957	0.8260592	0.78118867	0.8579119	0.8625474	0.8647474	0.8338052	0.8072762	0.79551053	0.86875415	0.7587005	0.8504984	0.90320337	0.8649017
bijzonder/adj	0.62853575	0.8341446	0.8116269	0.0	0.8386824	0.90215117	0.72115886	0.8477972	0.847028	0.89368373	0.79675233	0.77237606	0.89564747	0.7887253	0.85544336	0.8308034	0.89455235	0.8811298	0.89551353	0.8745116	0.77816105	0.8581198	0.60078025	0.76937425	0.84431005	0.942894	0.8315635	0.7233869	0.7917161	0.8400697	0.7089524	0.75497365	0.9031899	0.84351504	0.8324649	0.74413645	0.8918105	0.8883608	0.83806515	0.8638369	0.8829317	0.66890836	0.79252064	0.8280119	0.86033666	0.875565	0.8128407	0.8507645	0.8252679	0.90301484	0.7885763	0.76286536	0.8078278	0.7467834	0.8351669	0.8820436	0.81643796	0.87024987	0.9055534	0.8598516	0.83424014	0.6407872	0.677758	0.78699225	0.93753135	0.83790624	0.7363767	0.6382714	0.87942356	0.7425828	0.80104786	0.7754545	0.8540331	0.8039917	0.8813964	0.8753466	0.753795	0.8175162	0.8690437	0.63447446	0.8341577	0.9033615	0.8545836	0.8685303	0.8375103	0.9123057	0.74600124	0.48931235	0.91036683	0.8785668	0.9093444	0.7808596	0.827302	0.8550572	0.8606387	0.7564608	0.8792254	0.8752818	0.94561607	0.80131567	0.831056	0.8988903	0.8765046	0.91479045	0.7979837	0.8596654	0.79753953	0.8462067	0.8150429	0.7307446	0.8773538	0.80877656	0.94561857	0.83598	0.92127335	0.92017084	0.86371833	0.70291126	0.7117927	0.6483916	0.6432657	0.8044646	0.86945796	0.61550677	0.84015	0.8023324	0.83381295	0.889478	0.86879635	0.6588493	0.8348528	0.8957709	0.88091147	0.79814106	0.9300604	0.9083728	0.82855284	0.68312275	0.72419846	0.77826697	0.87229806	0.8885994	0.8625214	0.69118035	0.8908741	0.87722504	0.76097083	0.7865159	0.7422186	0.8597652	0.93776107	0.86460006	0.7015108	0.91330236	0.7787723	0.8591332	0.89822686	0.8342973	0.63933367	0.86505073	0.8279723	0.9004139	0.79295576	0.7039317	0.9357404	0.4684435	0.8537426	0.86791146	0.79310906	0.90615743	0.8264433	0.86217296	0.9016576	0.91018903	0.86873806	0.73629546	0.7918986	0.8077782	0.82915485	0.84937835	0.8656769	0.90032494	0.8766757	0.9267559	0.71048725	0.8782559	0.83637476	0.84230655	0.85869056	0.857132	0.6575972	0.7002232	0.70839775	0.9042406	0.8805485	0.8022931	0.67530215	0.7528132	0.7455067	0.8320122	0.7035651	0.7546596	0.880626	0.9158258	0.7599436	0.8243483	0.948623	0.8831017
bekom/verb	0.843662	0.8362284	0.81995726	0.8386824	0.0	0.86524075	0.9090701	0.8969557	0.81503475	0.89563084	0.8483485	0.74322224	0.82768613	0.83867896	0.886092	0.8804411	0.82371044	0.8648634	0.9133799	0.8801333	0.88073283	0.8355353	0.8514075	0.84954846	0.9066039	0.90861183	0.91853195	0.8669632	0.8891434	0.8382888	0.8367258	0.8443835	0.8493746	0.87897605	0.870121	0.8788114	0.7734879	0.90575534	0.8476927	0.8513167	0.8685605	0.86022305	0.8480848	0.9010972	0.8698014	0.86157775	0.7810782	0.7560143	0.8636508	0.8999606	0.8909948	0.79056346	0.8390155	0.8666559	0.8448804	0.8362933	0.8392023	0.83692646	0.8681839	0.93249893	0.8544612	0.88587546	0.88539946	0.872051	0.83270967	0.8546786	0.8543517	0.8857528	0.84568506	0.83234596	0.8458839	0.8956667	0.8693682	0.8761383	0.87616354	0.8849961	0.8869037	0.8394183	0.8755086	0.9000276	0.8453443	0.8528496	0.88060063	0.8730164	0.83714294	0.9075665	0.90510356	0.8740167	0.81714857	0.8028532	0.8613154	0.8712964	0.76926494	0.8828088	0.9063713	0.88439894	0.8313129	0.8388933	0.8992928	0.9079348	0.83896506	0.8667921	0.90103495	0.79934	0.87739384	0.89300036	0.8618471	0.8644793	0.85101295	0.9137789	0.88004965	0.87005854	0.86851376	0.8980651	0.85063946	0.8716866	0.88715583	0.82348627	0.916385	0.9000658	0.8355003	0.8667658	0.80517197	0.852716	0.90367687	0.85474515	0.85497516	0.837916	0.88158	0.8573111	0.88103664	0.90434504	0.79767597	0.7915464	0.88745606	0.8293503	0.83182514	0.75929785	0.877388	0.87438315	0.85165286	0.8650938	0.82757664	0.8694665	0.8131622	0.84458804	0.8866565	0.8296171	0.84741026	0.8919272	0.819156	0.8800324	0.8904823	0.8560856	0.87557894	0.8388792	0.85631156	0.8836598	0.87156177	0.88724875	0.8201897	0.85439265	0.859668	0.8698281	0.87728834	0.8743142	0.8451349	0.7343856	0.8431627	0.86695826	0.8225788	0.8437568	0.9151389	0.8642462	0.85243094	0.7993156	0.90749615	0.8395444	0.90055823	0.8739936	0.87481046	0.83773875	0.8733794	0.85620165	0.87022597	0.8483021	0.88095856	0.8455887	0.8227998	0.8563595	0.8598413	0.8447715	0.8534051	0.7935617	0.8358839	0.8970275	0.82681257	0.829234	0.89066947	0.8387272	0.9078417	0.8723684	0.89262307	0.83993757	0.7821539	0.905938	0.91903937	0.89506054
bevrijd/verb	0.89756644	0.83347744	0.81519973	0.90215117	0.86524075	0.0	0.8696347	0.930133	0.90731514	0.8601326	0.86556745	0.9027533	0.8292296	0.8636603	0.857384	0.8807284	0.8829632	0.87857586	0.82087004	0.90639096	0.89952886	0.9108352	0.89016616	0.7930432	0.8966924	0.916424	0.92022914	0.86576515	0.88951933	0.78517956	0.81903565	0.87742007	0.87974304	0.83274627	0.8287566	0.91081023	0.8308419	0.8946767	0.75600755	0.8829005	0.8818969	0.8735014	0.8639853	0.9112888	0.8487793	0.8987631	0.88435084	0.85258734	0.912342	0.767965	0.9073044	0.8858205	0.9240502	0.8589621	0.9039106	0.8142018	0.8807298	0.9196232	0.9274062	0.7946753	0.8736572	0.9091171	0.91458696	0.91632247	0.7101567	0.76414144	0.9001966	0.84954655	0.85830855	0.8904719	0.79475397	0.9134294	0.86747444	0.888168	0.90223026	0.907569	0.92613107	0.9234784	0.8378162	0.922138	0.86268586	0.9414526	0.86588633	0.93791485	0.87278277	0.9139676	0.92858076	0.8710082	0.88178015	0.8037524	0.69071317	0.91538614	0.86319864	0.8570422	0.87268496	0.8589525	0.728667	0.8044692	0.69571364	0.9212608	0.8839108	0.9463406	0.7648611	0.8031902	0.8586873	0.9145124	0.85753596	0.86026084	0.7790751	0.9259006	0.88972044	0.833769	0.7645823	0.91106546	0.8892446	0.8868576	0.7541996	0.9051293	0.89055425	0.91684633	0.88834393	0.92400384	0.8336673	0.85098165	0.8670076	0.89324856	0.910939	0.7523705	0.92867035	0.8849877	0.92361456	0.92432445	0.8860471	0.8858396	0.8023393	0.8514573	0.89242935	0.89494956	0.8861284	0.86867213	0.9406818	0.81767404	0.91091835	0.849624	0.9179539	0.67871165	0.94172037	0.89710724	0.8208166	0.89915186	0.79334956	0.8689711	0.83340275	0.8374296	0.86730456	0.8981584	0.7150717	0.81154525	0.9137949	0.9171445	0.8535196	0.8928506	0.8884431	0.9088094	0.78185076	0.91034126	0.8559929	0.91127646	0.89149153	0.8689858	0.8902465	0.8989715	0.9465747	0.92513466	0.87292176	0.8579884	0.9152306	0.8890587	0.9221274	0.87020755	0.858152	0.8356525	0.8556325	0.66056067	0.85124755	0.91741556	0.8524392	0.88195044	0.8581748	0.9066298	0.9112076	0.88464916	0.8460533	0.872937	0.7951689	0.8750077	0.8782386	0.91339225	0.93002516	0.91702104	0.9245787	0.8932284	0.78345996	0.73377454	0.92021203	0.8974527	0.81293625	0.8816461
hoe/adj	0.7469332	0.8015737	0.83896756	0.72115886	0.9090701	0.8696347	0.0	0.85995734	0.7338762	0.8665613	0.817822	0.87137127	0.9044771	0.8276401	0.8759852	0.9060222	0.85726637	0.8772571	0.918665	0.866863	0.8774257	0.8360354	0.7648906	0.8020208	0.91532236	0.96002895	0.8827589	0.8181989	0.8685249	0.8728199	0.6982118	0.7689335	0.907206	0.8749155	0.70414615	0.7881665	0.8669996	0.9025451	0.8626244	0.9269855	0.9069452	0.6664238	0.81528145	0.8666022	0.7091361	0.8399075	0.88544375	0.88169754	0.8994742	0.91383725	0.8829361	0.7499294	0.86253107	0.7704069	0.902905	0.8631847	0.89201754	0.91215646	0.9374425	0.77522665	0.86463267	0.50494975	0.7727071	0.82921463	0.9350673	0.82501006	0.75986266	0.784444	0.8702617	0.822189	0.8323469	0.74097043	0.8875913	0.79203194	0.86877275	0.8460201	0.83020216	0.7774292	0.86440253	0.64489484	0.8662032	0.8776246	0.8556823	0.877445	0.83062726	0.9216088	0.6851864	0.71411264	0.88145155	0.88010955	0.8769692	0.85587406	0.6301687	0.8790809	0.8668748	0.7649205	0.83775073	0.8463243	0.9061653	0.82665884	0.82359695	0.9069993	0.8417177	0.9069396	0.8179237	0.86052215	0.81607515	0.84238863	0.79308325	0.82490665	0.9126312	0.78112316	0.9363051	0.86987734	0.9120372	0.91488653	0.8952904	0.63284576	0.7284721	0.64759386	0.6974808	0.8238009	0.85885024	0.60506576	0.84991527	0.88607395	0.86646163	0.89777136	0.9081338	0.7228935	0.86679375	0.9070266	0.8802036	0.8870787	0.90644634	0.883222	0.85034704	0.78354514	0.78030276	0.74735105	0.8941207	0.88137734	0.886657	0.7749444	0.92154557	0.8497492	0.737599	0.8708853	0.80943644	0.89094824	0.92968464	0.8865144	0.69535196	0.9111369	0.6897727	0.8821424	0.9110342	0.8905477	0.85542315	0.8802711	0.86560917	0.88691014	0.80912876	0.65168977	0.90143275	0.5887961	0.849602	0.9082478	0.71267843	0.9417799	0.9102111	0.89839786	0.9016752	0.86193424	0.8932187	0.7463231	0.85618913	0.8536207	0.8911327	0.8550244	0.86259544	0.8780676	0.8585948	0.8913823	0.68084276	0.92228776	0.7722686	0.90999967	0.87168425	0.81270933	0.6774262	0.79267234	0.769191	0.95719486	0.8622784	0.8429603	0.8027464	0.80633336	0.72662497	0.87673616	0.7673732	0.80423546	0.7814648	0.8973465	0.86460686	0.8147169	0.95263135	0.87943786
groei_cijfer/noun	0.8276586	0.8282347	0.8602637	0.8477972	0.8969557	0.930133	0.85995734	0.0	0.83496016	0.83822066	0.9042896	0.8575263	0.8517242	0.81319433	0.8627945	0.8718045	0.7850622	0.901536	0.9200385	0.68939626	0.85865223	0.86863923	0.7964215	0.8815801	0.9100176	0.8973647	0.8723876	0.85327804	0.9085344	0.87474036	0.87757325	0.8135619	0.9267003	0.8670382	0.9275401	0.89356726	0.87414014	0.89212996	0.86189115	0.8649577	0.8579331	0.8505878	0.7896265	0.9411097	0.9439148	0.8162751	0.83386767	0.8622913	0.8662071	0.91188455	0.90824324	0.7534326	0.8440382	0.84647137	0.91791975	0.85803974	0.8663743	0.84629166	0.88101584	0.9368262	0.8784889	0.8341725	0.8991916	0.84304553	0.9411136	0.8439714	0.9040894	0.8082973	0.8721137	0.86244905	0.86726534	0.89730895	0.8877237	0.8923941	0.9093176	0.87906694	0.88573855	0.8762456	0.9389291	0.8688377	0.8608401	0.7999257	0.81730443	0.5485699	0.9127881	0.8978371	0.8774581	0.85230815	0.9089813	0.88903934	0.92329335	0.85848236	0.8393562	0.86965466	0.8995546	0.8438637	0.89602584	0.8555602	0.88213575	0.89493227	0.8550904	0.6155606	0.9123123	0.8485688	0.8858001	0.8514945	0.8829001	0.887557	0.81683093	0.850531	0.71664107	0.8495289	0.9031049	0.8473622	0.8499235	0.9062723	0.87052095	0.8133129	0.8462577	0.8804826	0.80298764	0.8186808	0.8393468	0.83791345	0.8833291	0.8065043	0.8937286	0.8934848	0.8307795	0.85201025	0.9022597	0.5886675	0.8435428	0.78625244	0.8899189	0.88750464	0.8653867	0.8560559	0.8880862	0.8133825	0.8392819	0.8888559	0.81999207	0.86658967	0.8825549	0.90510887	0.8372972	0.8205191	0.85827446	0.90802526	0.9277674	0.884915	0.79799825	0.8975372	0.7961689	0.8612868	0.93158954	0.8607439	0.88124454	0.84720445	0.8236597	0.9016911	0.82022345	0.8752588	0.9434569	0.82945263	0.8728533	0.8666989	0.8846472	0.91774154	0.8285244	0.8163344	0.6687026	0.82060206	0.8572725	0.82034516	0.87222147	0.7544991	0.882526	0.90917474	0.869033	0.85616565	0.87958294	0.91681594	0.83625543	0.9063204	0.9229883	0.83493096	0.86730963	0.833034	0.81250095	0.84175515	0.8281802	0.9240794	0.8918767	0.84793055	0.6940185	0.8353942	0.728622	0.7387463	0.88615435	0.80862033	0.8490666	0.8988153	0.7733126	0.8748891	0.8879656	0.8952322
nog/adv	0.7503368	0.8013977	0.8206464	0.847028	0.81503475	0.90731514	0.7338762	0.83496016	0.0	0.8726459	0.76001006	0.86604774	0.8857163	0.78803194	0.8381597	0.93389624	0.8535133	0.7728764	0.91583	0.81726027	0.805977	0.8354389	0.74085635	0.8759587	0.9223406	0.8923942	0.9133508	0.9291855	0.91551304	0.8782345	0.831574	0.7270373	0.8455602	0.8531046	0.83026636	0.84623235	0.8595038	0.8851692	0.8741912	0.8922713	0.861092	0.63344884	0.7151254	0.900976	0.8022641	0.5834116	0.829445	0.83663356	0.9338801	0.93295586	0.938299	0.638106	0.85590196	0.87328637	0.8771478	0.8623477	0.906943	0.81555355	0.89976525	0.87111837	0.8130504	0.7352263	0.8239391	0.83600307	0.9089664	0.8840985	0.8351896	0.87018216	0.80440867	0.7798732	0.86242247	0.76767904	0.88065505	0.8223232	0.6912856	0.6749402	0.86534345	0.8316923	0.88377064	0.73069465	0.86249745	0.85310566	0.87349075	0.8113958	0.8580321	0.88113356	0.7367937	0.8815317	0.8732861	0.83064306	0.8333445	0.8355663	0.6669319	0.85612655	0.87086385	0.8717488	0.84293646	0.84070855	0.86181056	0.8900083	0.87742347	0.8592829	0.8888452	0.8774745	0.83950734	0.8750583	0.8997475	0.82034826	0.86574924	0.9031537	0.9218022	0.8177415	0.89183223	0.8841104	0.71781486	0.884562	0.8701788	0.56169534	0.8706004	0.8125851	0.6580927	0.75111693	0.7167133	0.72749496	0.8736638	0.9213553	0.8571794	0.90900886	0.88296056	0.866161	0.9143122	0.8799509	0.87067246	0.86802477	0.8815197	0.86623037	0.8603127	0.83184767	0.8511731	0.8204152	0.7902911	0.88269746	0.84261745	0.832338	0.88788813	0.8566487	0.77338105	0.88501906	0.8692403	0.89352334	0.9058723	0.90483373	0.6862148	0.87755376	0.83261603	0.85630876	0.88111496	0.8987607	0.89836323	0.86211216	0.89542794	0.90813226	0.67139494	0.7322406	0.901737	0.72221327	0.83680654	0.8069638	0.629423	0.9138056	0.8926071	0.7523767	0.8685375	0.9208947	0.84382826	0.75753665	0.86802566	0.86778855	0.88944596	0.850223	0.86707115	0.8552098	0.86777514	0.8958471	0.75416213	0.8252311	0.8373083	0.84157234	0.8433657	0.8460292	0.6750878	0.81993765	0.83020514	0.93758297	0.7861063	0.8482991	0.7616937	0.86567056	0.73875797	0.8767437	0.84929335	0.7462313	0.8509422	0.89462936	0.7752101	0.88438284	0.94156647	0.8463185
veiligheid_situatie/noun	0.8908082	0.81161666	0.8896504	0.89368373	0.89563084	0.8601326	0.8665613	0.83822066	0.8726459	0.0	0.9180527	0.8073561	0.78252226	0.858778	0.90324	0.8611926	0.8157622	0.9511536	0.85830534	0.891245	0.9081247	0.88313246	0.8895058	0.9075688	0.9363731	0.9568754	0.94245565	0.89760447	0.9247745	0.862659	0.8833073	0.87655014	0.9273131	0.7867824	0.93489486	0.90182793	0.8317796	0.9278337	0.86007005	0.8464873	0.9117179	0.8887716	0.8724757	0.94341993	0.93173915	0.9056927	0.898993	0.85648394	0.8886546	0.80450696	0.9350926	0.77970046	0.9027979	0.84744835	0.9357212	0.7920285	0.89331216	0.9440188	0.95616454	0.90582466	0.931648	0.88790494	0.9244705	0.8840605	0.9223904	0.8464676	0.9151696	0.8581779	0.90346223	0.9293762	0.866806	0.8917184	0.906302	0.789851	0.95051324	0.8977217	0.92421055	0.7996254	0.8824827	0.90335834	0.89630973	0.88532925	0.77994734	0.8483896	0.880289	0.945086	0.89233536	0.83655524	0.91469306	0.83227396	0.9428919	0.8881554	0.8689635	0.87655157	0.8935298	0.89743316	0.92728496	0.8670885	0.82988286	0.9389676	0.80636895	0.8589581	0.9260122	0.80902815	0.8916759	0.9017085	0.85996807	0.8820331	0.6765332	0.9267886	0.7895189	0.84326714	0.92668974	0.8215513	0.93711835	0.9065079	0.84766513	0.8690014	0.92637444	0.91092885	0.82454985	0.9136582	0.8707272	0.8786769	0.84487534	0.8180934	0.9030622	0.8205034	0.9060073	0.8507784	0.8843377	0.79275507	0.92281216	0.783466	0.88851386	0.91629195	0.8414823	0.827278	0.89571303	0.76416993	0.8864943	0.86327386	0.8041742	0.8992435	0.8853449	0.89247686	0.9233563	0.87675357	0.835509	0.9048723	0.9501085	0.91280544	0.8178716	0.90820175	0.6389657	0.84106934	0.901795	0.7432486	0.91109514	0.90017605	0.84007144	0.8641635	0.85321426	0.8869515	0.9300797	0.9043251	0.8396387	0.8871317	0.91585404	0.91726553	0.81937075	0.9133185	0.88815516	0.89766884	0.9220559	0.8162839	0.889014	0.7971842	0.92544293	0.9293076	0.84648067	0.89918834	0.9226665	0.892056	0.8543409	0.9119868	0.9234925	0.93695366	0.8965794	0.80010396	0.8979414	0.85197103	0.8370658	0.9272726	0.90349907	0.8941455	0.83017117	0.8116433	0.89973277	0.84960973	0.8348992	0.8478735	0.85798866	0.89643764	0.8954087	0.91934526	0.8181373	0.92505735
klus/noun	0.8095981	0.7924635	0.82562727	0.79675233	0.8483485	0.86556745	0.817822	0.9042896	0.76001006	0.9180527	0.0	0.83763576	0.91947687	0.8224814	0.84836376	0.9049616	0.8799406	0.77125967	0.91097915	0.85637903	0.77265817	0.7850801	0.78000957	0.864473	0.89573306	0.8540405	0.8997618	0.9088931	0.9099896	0.875798	0.8423325	0.75282675	0.8856773	0.7313538	0.8916742	0.8213892	0.8856683	0.91195893	0.8949864	0.85763836	0.8691729	0.78808683	0.8330981	0.9071187	0.8797922	0.8043677	0.8059114	0.85375476	0.88556784	0.94520533	0.9241471	0.77448654	0.7545097	0.8608458	0.90495646	0.8880143	0.9145418	0.865469	0.9052651	0.9189657	0.8083563	0.76843286	0.81500924	0.8826918	0.8232045	0.90351635	0.82263565	0.85988766	0.83664495	0.8166374	0.7891725	0.8424419	0.8550416	0.8084767	0.83530104	0.7916105	0.872505	0.77146304	0.91550195	0.8048301	0.8643951	0.88899964	0.86604965	0.8764941	0.5929291	0.8250026	0.7774519	0.79807216	0.85955405	0.87617993	0.82611203	0.84864014	0.76243913	0.75859183	0.94730884	0.85663235	0.82709616	0.8842196	0.9012534	0.89463353	0.8693269	0.9172122	0.92532486	0.868524	0.8318515	0.68148905	0.89994407	0.90024775	0.85969794	0.8956207	0.93641764	0.9046444	0.8744377	0.9170463	0.79840446	0.8926696	0.8867519	0.74626493	0.84852004	0.83979416	0.746096	0.79592013	0.7857026	0.7741053	0.9119033	0.94304	0.8423052	0.8305136	0.9210695	0.7801869	0.915951	0.9249324	0.8529069	0.85056347	0.9130693	0.8851464	0.91120744	0.83816516	0.80616975	0.8024369	0.85564095	0.88910055	0.8874365	0.79557997	0.87512434	0.86400694	0.8342935	0.8649387	0.8872755	0.926752	0.9022947	0.90113646	0.8378384	0.85534847	0.80320823	0.8700135	0.9132421	0.8938041	0.8832348	0.8514537	0.8810755	0.89809203	0.84147763	0.79868317	0.8957712	0.76586103	0.84690684	0.8500888	0.77354425	0.91228324	0.9050746	0.8496047	0.8915355	0.9203441	0.818961	0.7930908	0.8378159	0.8889684	0.87895095	0.8810866	0.8740506	0.8535937	0.8701403	0.9214748	0.81639147	0.85159135	0.92598975	0.7848734	0.8301334	0.9098021	0.77040493	0.8805502	0.8243611	0.91844445	0.86457884	0.845595	0.8224832	0.83606195	0.8462181	0.85752356	0.8201388	0.7497614	0.9322074	0.8965137	0.8290669	0.8719898	0.9649096	0.8312671
noodzakelijk/adj	0.82359284	0.7742467	0.8054102	0.77237606	0.74322224	0.9027533	0.87137127	0.8575263	0.86604774	0.8073561	0.83763576	0.0	0.7451666	0.79738426	0.903976	0.7173791	0.80160576	0.8874276	0.85373545	0.8323314	0.8626422	0.7291813	0.79822016	0.8711145	0.91204077	0.95535773	0.94184256	0.8665126	0.9193037	0.8541812	0.7775733	0.80556583	0.85243964	0.7062213	0.8798432	0.80444455	0.7336792	0.9403016	0.8336716	0.845535	0.8430844	0.86530554	0.84382653	0.9319798	0.87775326	0.892311	0.7413217	0.75562257	0.7477096	0.8665989	0.8980261	0.7000461	0.8832531	0.70786804	0.882846	0.79363674	0.8382829	0.83092034	0.9060463	0.8795836	0.9116267	0.85425436	0.8792665	0.8541546	0.88171935	0.8167721	0.84025353	0.83747244	0.89179254	0.91731614	0.86697716	0.88854873	0.9279977	0.74674165	0.9304067	0.8785169	0.85164773	0.80012786	0.8744517	0.835323	0.8880117	0.8972446	0.8220336	0.81401974	0.75685084	0.94891	0.8415759	0.7641959	0.89451855	0.7592523	0.90766877	0.8524179	0.7276652	0.87542725	0.91670996	0.9037318	0.9093701	0.85932064	0.9046572	0.9314817	0.70196545	0.8091437	0.94441915	0.7795492	0.91751826	0.8529359	0.86663526	0.8708387	0.7788506	0.9229458	0.7278204	0.8825053	0.9185846	0.84460133	0.8713622	0.8958908	0.8601502	0.84080607	0.92530626	0.8622236	0.77916884	0.83211744	0.8746844	0.8354324	0.8745054	0.77304375	0.89475024	0.72637784	0.8508959	0.71193844	0.86571544	0.83046466	0.72321963	0.6358279	0.9492226	0.8783884	0.82346696	0.56236756	0.81345034	0.7803092	0.7602498	0.83729994	0.76057327	0.8871945	0.7871998	0.8374639	0.9158234	0.6705687	0.8319892	0.88783836	0.9075923	0.8830775	0.818574	0.9587877	0.7698884	0.7803158	0.91497135	0.8050159	0.83713037	0.88734555	0.6851893	0.8350014	0.858846	0.8147048	0.88745755	0.8520601	0.76136035	0.69165146	0.91606444	0.91130126	0.6951027	0.9187415	0.90979475	0.8546807	0.8998542	0.7266432	0.80825377	0.6986519	0.929448	0.90553784	0.90034235	0.9050827	0.9052902	0.90481305	0.8111464	0.88261914	0.9204676	0.86554044	0.8482802	0.7944702	0.8710103	0.822209	0.8029211	0.8998492	0.91070503	0.80181634	0.74614745	0.6372144	0.88108456	0.7335553	0.81979346	0.81273884	0.85602885	0.8988583	0.7702754	0.9084177	0.9049693	0.83699477
regering/noun	0.8873118	0.7283866	0.87608767	0.89564747	0.82768613	0.8292296	0.9044771	0.8517242	0.8857163	0.78252226	0.91947687	0.7451666	0.0	0.89445895	0.84658355	0.77785057	0.7612556	0.94826216	0.7919874	0.8597688	0.9056406	0.8067454	0.900799	0.90486264	0.87234294	0.957916	0.9312209	0.88413125	0.8182312	0.75853705	0.9079546	0.8833151	0.9458958	0.77207315	0.9339797	0.91381603	0.65771735	0.9528628	0.79524475	0.78086317	0.9071015	0.89667773	0.8605763	0.9314513	0.8985021	0.8709625	0.91615695	0.6442697	0.83707887	0.6949514	0.89597774	0.7411201	0.93562466	0.8196604	0.92725325	0.68191385	0.8733709	0.9144583	0.92391735	0.86062145	0.8341638	0.911652	0.94195634	0.87224317	0.9051582	0.83079123	0.9035639	0.892454	0.9075143	0.94458336	0.8621566	0.9335018	0.9314392	0.7491592	0.9537679	0.9236807	0.90622765	0.83629215	0.9105197	0.9210241	0.86943394	0.8637609	0.78827953	0.840186	0.8280021	0.92576605	0.93699163	0.82129633	0.9131257	0.7598798	0.91724545	0.8834386	0.8285255	0.77494895	0.8692484	0.91983646	0.91539633	0.8646456	0.7436447	0.93015176	0.8116697	0.8418644	0.8647058	0.706347	0.8614674	0.909809	0.9234803	0.885248	0.8275183	0.8912574	0.71892804	0.88051	0.9186608	0.7197015	0.9536268	0.8852427	0.8769182	0.90193784	0.9497289	0.9401273	0.8802067	0.9352434	0.79338694	0.93643653	0.8918717	0.7864975	0.9019844	0.74436224	0.8663295	0.87543976	0.8334536	0.8545707	0.8744696	0.7610862	0.9277688	0.864983	0.76075274	0.72166586	0.9198458	0.87855476	0.8311922	0.767784	0.61323935	0.9372978	0.86791855	0.8971537	0.9683135	0.8668079	0.8447479	0.90393394	0.84708637	0.8795156	0.8462506	0.90836036	0.8347613	0.6486742	0.9345056	0.7902667	0.92853254	0.89533204	0.79317886	0.81085837	0.85484207	0.93861955	0.88618505	0.94333273	0.730055	0.9003128	0.9378278	0.91798717	0.72581446	0.915499	0.868447	0.8369789	0.8973024	0.7923329	0.8788389	0.7991153	0.9157223	0.9121981	0.87199664	0.90093905	0.86072767	0.87928456	0.9085516	0.7870804	0.91456944	0.9212191	0.8142285	0.6400149	0.9338838	0.85845494	0.8754338	0.76843274	0.9209883	0.8623204	0.7860156	0.80031496	0.92396384	0.7325016	0.8606987	0.9172779	0.8773906	0.8681143	0.8995586	0.9204186	0.46432024	0.8761213
blijk/verb	0.805629	0.7942499	0.7872641	0.7887253	0.83867896	0.8636603	0.8276401	0.81319433	0.78803194	0.858778	0.8224814	0.79738426	0.89445895	0.0	0.8687252	0.8488725	0.83414406	0.8950134	0.92180437	0.78131163	0.8564699	0.83596057	0.77182543	0.79179204	0.92779315	0.91958857	0.8984301	0.82445264	0.9179528	0.85454243	0.7589095	0.63956916	0.88313526	0.83934104	0.78559196	0.8439041	0.8624572	0.9391635	0.8464005	0.87620836	0.89300996	0.7865255	0.805432	0.90919596	0.793931	0.8175213	0.8426591	0.8486535	0.853639	0.8984747	0.92911696	0.6550921	0.8647621	0.8065238	0.9174341	0.8688251	0.81914425	0.8632528	0.893684	0.9147258	0.8354509	0.79901946	0.78087544	0.8556246	0.87883604	0.79220456	0.7542542	0.7713987	0.8394923	0.86497426	0.8246052	0.83288485	0.917767	0.8368198	0.88322765	0.88618946	0.8858346	0.81984055	0.88504624	0.8192118	0.80069125	0.82115424	0.8722404	0.76438814	0.8297922	0.92249274	0.7761585	0.7857168	0.8799652	0.83342475	0.89730215	0.8390418	0.80695015	0.8655099	0.90873116	0.8745668	0.8549959	0.8215102	0.8976298	0.8700711	0.7921014	0.8633951	0.8577913	0.85937047	0.8890141	0.81183064	0.9041224	0.83611023	0.8100623	0.8940589	0.87613726	0.8362086	0.8908534	0.84003806	0.8687315	0.8761035	0.82084674	0.7491988	0.84598005	0.80013597	0.61491054	0.76662016	0.86922824	0.78068125	0.8857512	0.7160244	0.86974764	0.8742848	0.8110522	0.762418	0.8828237	0.85746557	0.87521493	0.8256832	0.9372444	0.883147	0.78345174	0.6999775	0.7874717	0.81845796	0.85963845	0.8613225	0.861817	0.8296263	0.8678732	0.8595733	0.813689	0.8172786	0.78506136	0.90540403	0.88624704	0.8942837	0.7760112	0.8793694	0.8204309	0.859506	0.76949936	0.88957447	0.8708812	0.90885806	0.7596049	0.7997545	0.82682633	0.78722364	0.89023954	0.79534054	0.8394034	0.79187286	0.8744399	0.9200008	0.8727751	0.8649351	0.8743327	0.7152833	0.8800932	0.75977063	0.8210535	0.8622517	0.90709764	0.89520854	0.9060242	0.890114	0.8754734	0.84868693	0.73027295	0.91427577	0.85021603	0.87558496	0.8573452	0.8587928	0.83627295	0.8168669	0.80929023	0.92111605	0.8805251	0.8786913	0.77724147	0.83810365	0.80261385	0.82978916	0.7751268	0.81289375	0.84953576	0.84364706	0.7387545	0.8708939	0.9262542	0.90985113
Portugees/noun	0.8138615	0.8138472	0.8167654	0.85544336	0.886092	0.857384	0.8759852	0.8627945	0.8381597	0.90324	0.84836376	0.903976	0.84658355	0.8687252	0.0	0.91921204	0.8633641	0.81876034	0.8357137	0.86893976	0.7307189	0.92806864	0.8026761	0.86758375	0.8529282	0.8368464	0.86285764	0.86479783	0.84058917	0.78152615	0.8307365	0.83204687	0.90495217	0.88973737	0.81844556	0.82037634	0.8661306	0.8829753	0.8192979	0.8734112	0.8554301	0.82818115	0.7782202	0.8797544	0.8488548	0.8287993	0.8575347	0.8930489	0.89175916	0.81355715	0.8455237	0.8046306	0.8589551	0.8368233	0.8661253	0.8655112	0.84646857	0.89339334	0.8271476	0.83883226	0.822906	0.8491236	0.8714925	0.86488533	0.92981833	0.85899454	0.9036448	0.80882347	0.85897356	0.8206676	0.85257435	0.8915764	0.85689735	0.8925985	0.8607883	0.88340014	0.86526597	0.8998902	0.9034852	0.8871978	0.8041509	0.83537686	0.8190808	0.8823477	0.89162195	0.767348	0.896447	0.84086025	0.87572175	0.89309835	0.8545029	0.8556585	0.8229983	0.6813068	0.842452	0.8411242	0.8494686	0.8384111	0.85802734	0.8206763	0.8890708	0.9056625	0.8242482	0.8378407	0.8215179	0.84476143	0.8818489	0.84193766	0.89077187	0.86758447	0.868595	0.8185956	0.88921416	0.8657898	0.92174923	0.88045776	0.8878917	0.8326772	0.87362695	0.88110393	0.8323075	0.8622804	0.79090244	0.80841684	0.8763679	0.87745965	0.8231592	0.88853574	0.91402507	0.8703712	0.8974917	0.9027971	0.91311777	0.874709	0.8255054	0.8722645	0.84783065	0.855918	0.89647996	0.8842658	0.8726155	0.8504747	0.8932125	0.8388267	0.9319028	0.85342	0.9002914	0.88302857	0.81257224	0.9000079	0.9210477	0.82400465	0.81891435	0.84686536	0.89370537	0.8590206	0.88149536	0.8587034	0.82288736	0.88591385	0.8642515	0.87806094	0.8461442	0.86814344	0.88733506	0.84349453	0.82543015	0.8801044	0.8579757	0.8855259	0.87286973	0.8514222	0.8779284	0.89820784	0.86570084	0.7877804	0.8815855	0.87499017	0.84332585	0.85799503	0.82939893	0.8484446	0.79144526	0.87673944	0.7985177	0.7556451	0.8852109	0.7733371	0.8856838	0.8864833	0.8584913	0.8333054	0.8214487	0.8919978	0.824627	0.8473039	0.7600295	0.882232	0.86399996	0.8612693	0.88288736	0.83677286	0.8433664	0.84923565	0.8309202	0.8473176	0.8364539	0.81815517
bestrijding/noun	0.8939259	0.8205067	0.8504675	0.8308034	0.8804411	0.8807284	0.9060222	0.8718045	0.93389624	0.8611926	0.9049616	0.7173791	0.77785057	0.8488725	0.91921204	0.0	0.83643425	0.95251083	0.6274192	0.86221933	0.89383185	0.79407656	0.8752615	0.8926679	0.9211118	0.96628386	0.9300784	0.8932114	0.91355467	0.87706816	0.8384896	0.9013217	0.9263683	0.7460896	0.9158177	0.9144381	0.82796645	0.93796873	0.81348634	0.85721576	0.893925	0.926612	0.9062177	0.94794804	0.94462377	0.916578	0.8591236	0.8299681	0.7987741	0.82927394	0.9012947	0.84081113	0.9399214	0.7177112	0.9521849	0.85700625	0.89104396	0.91318923	0.9482159	0.9164604	0.9191913	0.9239288	0.9117137	0.92447954	0.90680206	0.7973045	0.91346616	0.82406497	0.940051	0.9387801	0.8966588	0.93041927	0.92341655	0.79383314	0.96203953	0.89897764	0.83669186	0.82184607	0.90462387	0.9275385	0.9038445	0.9546267	0.847599	0.86898994	0.835482	0.95056	0.9408702	0.8368857	0.93838215	0.75681317	0.9422952	0.8638146	0.8616123	0.90113217	0.93009555	0.9367747	0.908588	0.8998951	0.8906214	0.9511974	0.8184561	0.8740639	0.9142933	0.8261372	0.92244434	0.9115049	0.9061667	0.8872052	0.8878114	0.91237354	0.72517985	0.9047745	0.9177824	0.8566835	0.9575526	0.919473	0.89917004	0.9402568	0.934266	0.92533046	0.857274	0.90702075	0.9169663	0.8877852	0.86287314	0.8152962	0.9257886	0.75265133	0.86353153	0.793364	0.8839226	0.87570214	0.83109725	0.74640584	0.9539054	0.878	0.85781395	0.7057534	0.8606458	0.8800062	0.88826704	0.8247757	0.85364985	0.92217624	0.88112795	0.86024415	0.9732356	0.74666274	0.82557	0.91856635	0.9500377	0.89055324	0.8158578	0.94839054	0.8770196	0.84902686	0.88462687	0.7871066	0.88481086	0.93062675	0.73176366	0.873467	0.9036	0.89705014	0.9178552	0.8964787	0.870006	0.8356303	0.96347594	0.9307139	0.8234585	0.92242503	0.9285384	0.8521931	0.9135347	0.823117	0.90068835	0.74899817	0.9293347	0.932362	0.9031678	0.9126576	0.9270209	0.8080731	0.825157	0.929103	0.95024794	0.90691656	0.890421	0.8558093	0.928594	0.8929574	0.83799326	0.8868331	0.9372388	0.8650777	0.81917757	0.7895232	0.9109998	0.7716742	0.7917275	0.9030716	0.77081317	0.91174185	0.86827636	0.93312997	0.88064176	0.8521612
claim/noun	0.86201507	0.7598314	0.860216	0.89455235	0.82371044	0.8829632	0.85726637	0.7850622	0.8535133	0.8157622	0.8799406	0.80160576	0.7612556	0.83414406	0.8633641	0.83643425	0.0	0.93139726	0.8647953	0.80873233	0.91929686	0.8584125	0.8579468	0.84076864	0.9195142	0.9178712	0.90263325	0.87242645	0.869118	0.825463	0.8816078	0.8597234	0.92473865	0.7584637	0.927164	0.91175085	0.7083399	0.9265254	0.8231088	0.7924909	0.8908221	0.88320976	0.8291346	0.9263145	0.92328507	0.84173167	0.8973924	0.7885105	0.81519985	0.80671513	0.9365577	0.7151884	0.8981131	0.80576	0.89991605	0.80031806	0.841849	0.7679105	0.84913164	0.8923693	0.8734888	0.8722279	0.89894634	0.880759	0.9100532	0.8396207	0.87095916	0.84553134	0.9034142	0.9215838	0.8624155	0.8957518	0.8683437	0.79534394	0.9138403	0.91542315	0.9080916	0.74542254	0.9005659	0.90395886	0.86179364	0.83833325	0.7914651	0.7316222	0.7869331	0.91319466	0.90341	0.851994	0.87160325	0.7733445	0.8890192	0.8655565	0.7925557	0.8553539	0.88903606	0.8489364	0.8626907	0.8061	0.8172093	0.8844479	0.823135	0.73920226	0.8780652	0.7600529	0.87263197	0.8653071	0.89130145	0.8578198	0.82363474	0.8846645	0.77900934	0.839454	0.8899021	0.7482048	0.89424664	0.8727001	0.8506762	0.87704104	0.86518955	0.9076781	0.83778816	0.85958606	0.8260907	0.8475405	0.8634255	0.80428046	0.8732277	0.7757768	0.8199216	0.83322966	0.85319376	0.798979	0.7387013	0.7086954	0.8996502	0.8794651	0.74347216	0.7374054	0.8830841	0.8251779	0.73584133	0.8163904	0.6918197	0.8914063	0.8034477	0.88015217	0.92931974	0.85665834	0.79694206	0.89723086	0.8486307	0.8858696	0.81754994	0.8918495	0.7872244	0.80415773	0.8758782	0.82374346	0.9114541	0.8986663	0.8309751	0.8033536	0.8690518	0.89647835	0.9087803	0.90643185	0.8353279	0.77111334	0.8817592	0.88321805	0.8228713	0.92114425	0.7828408	0.7857126	0.8883224	0.77163947	0.8533734	0.7723773	0.9085777	0.87291867	0.86368185	0.85145843	0.85309017	0.7684182	0.8272699	0.88057715	0.9144403	0.89416724	0.85422945	0.7442132	0.8917521	0.8485292	0.84067184	0.8780158	0.8951624	0.87148553	0.7623569	0.82546467	0.8371392	0.67843366	0.8401936	0.85642236	0.8170018	0.8649496	0.76852024	0.8748379	0.8390522	0.8869003
