	ketting/noun	immers/adv	langzaam/adj	deur/noun	alsof/comp	Claeys/name	dan/adv	touw_DIM/noun	leverancier/noun	nog/adv	Ruth/name	wielertoeristen/noun	onderaan/adv	onhandig/adj	alles/noun	pyjama/noun	beneden/adv	alweer/adv	wetswijziging/noun	poot_DIM/noun	achter/prep	hand/noun	oog/noun	ineen/pp	systeem/noun	of/comp	naar/prep	kwartier/noun	Cliteur/name	minuut/noun	schrijver/noun	component/noun	Hugo/name	White/name	achter/adv	echter/adv	energiek/adj	naam/noun	vervolgens/adv	bijvoorbeeld/adv	die/det	fiets/noun	Dirk/name	demonstratief/adj	ideaal/adj	zondag_avond/noun	arm/adj	outfit/noun	zo/adv	harnas/noun	je/pron	Koller/name	gaandeweg/adv	snel/adj	tijd/noun	De/name	en/vg	punt/noun	iemand/noun	gemeente_personeel/noun	foutief/adj	Ma/name	wagen_DIM/noun	gedachte/noun	tas/noun	design/noun	om/prep	Rossi/name	laat/adj	blik/noun	Kristof/name	iedereen/pron	in/prep	Bangoura/noun	tegenstander/noun	nadrukkelijk/adj	ze/pron	toen/adv	h/noun	sluimer/adj	ergens/adv	beugel/noun	aan/prep	graag/adj	rechter_been/noun	gek/noun	door/comp	Mike/name	Pasanen/name	wagen/noun	zak_DIM/noun	men/pron	opnieuw/adv	soms/adv	daarop/pp	halfweg/prep	af/adv	zich/pron	geluid/noun	met/prep	rugzak/noun	daarin/pp	Thomas/name	meteen/adv	door/prep	donderdag_morgen/noun	Adriaens/name	telkens/adv	zodra/comp	duim/noun	Gino/name	vinger/noun	song/noun	getrokken/adj	ter/prep	oma/noun	volk/noun	licht/adj	ik/pron	klassieker/noun	voet/noun	terwijl/comp	Baouf/name	Vermant/name	al/comp	auto/noun	daardoor/pp	gewoon/adj	regisseur/noun	stuk/adv	dimensie/noun	zweet/adj	Kanu/name	voertuig/noun	zuiver/adj	arm/noun	mij/pron	toen/comp	Armstrong/name	hij/pron	Stijn/name	zakdoek/noun	me/pron	zodat/comp	stuur/noun	kar/noun	naar/adj	Crasson/noun	Mutavdzic/name	uitblinker/noun	Vereecke/name	Bouma/name	trein/noun	dief/noun	renner/noun	traditioneel/adj	Mpenza/name	wolk/noun	lijf_DIM/noun	beeld/noun	beetje/noun	wagon_DIM/noun	fietser/noun	Penders/name	trein_DIM/noun	Van/name	eindeloos/adj	Mestdagh/name	sjaal_DIM/noun	brom_fietser/noun	twee/num	er/adv	beide/pron	of/vg	Marion/name
ketting/noun	0.0	0.8377676	0.7838454	0.7479415	0.74583894	0.8847631	0.8209363	0.7170104	0.82934415	0.88863015	0.906757	0.8701325	0.76167613	0.7762512	0.86289245	0.82260144	0.7220148	0.7865854	0.91858494	0.7407495	0.7667229	0.7188331	0.81622255	0.85301787	0.85810983	0.9145217	0.85560703	0.85202086	0.93458843	0.8676748	0.9318113	0.83485997	0.90065414	0.8628972	0.7145017	0.85428727	0.8406774	0.87282836	0.6991012	0.81124747	0.78987926	0.73591745	0.93601954	0.78760695	0.883877	0.82189816	0.85391814	0.7984076	0.8497656	0.7757623	0.82084745	0.87584233	0.81485397	0.8307885	0.8944055	0.9642645	0.6796416	0.90492105	0.7936332	0.89643043	0.883542	0.9087197	0.81613636	0.89021534	0.65431094	0.8575732	0.84190315	0.87376124	0.8814992	0.78401935	0.89219105	0.8787582	0.8243075	0.9102348	0.8898936	0.8755904	0.7541418	0.82643497	0.8512254	0.89429027	0.7888443	0.7191926	0.8228234	0.89094365	0.79333925	0.7849585	0.74982584	0.8583586	0.90921545	0.76797485	0.72498536	0.87680185	0.81868005	0.7738463	0.7674107	0.8443186	0.7948288	0.8907961	0.79320836	0.70394766	0.6546912	0.84808135	0.91218686	0.78204644	0.7729029	0.845471	0.9262369	0.77170736	0.7324725	0.75385666	0.86310136	0.7184735	0.85428375	0.73324144	0.8198417	0.8011956	0.8880291	0.8048111	0.8697207	0.86756724	0.7507159	0.73277557	0.9511918	0.90546966	0.8722645	0.7527187	0.78798336	0.8069576	0.9211781	0.793071	0.86157715	0.81783396	0.9001297	0.7870395	0.83927464	0.6880323	0.89203453	0.7857492	0.85409033	0.80079687	0.87964714	0.7349119	0.87435234	0.6893308	0.7920097	0.77562034	0.84213346	0.9376857	0.93534195	0.87733835	0.9009625	0.89375573	0.82830113	0.7535849	0.83947784	0.8326116	0.87455034	0.7818823	0.82822967	0.80863786	0.8450277	0.93083763	0.8418896	0.9259237	0.8224091	0.95622164	0.7814572	0.89606565	0.747993	0.88114774	0.7668285	0.8782575	0.8342777	0.7034384	0.8778302
immers/adv	0.8377676	0.0	0.7944387	0.90071034	0.801805	0.86032987	0.69893444	0.85784197	0.70519996	0.72060704	0.86268055	0.84431547	0.7745483	0.8081465	0.7537025	0.88556516	0.8700241	0.7636579	0.74138266	0.8719162	0.8593376	0.88705486	0.8812045	0.843829	0.6598035	0.77524817	0.86876714	0.8413948	0.82979846	0.86535984	0.86414945	0.71635866	0.8736465	0.8350432	0.81369627	0.5611568	0.8269156	0.81814617	0.7659321	0.6363792	0.59493613	0.8489041	0.91634125	0.87259513	0.7858504	0.8335056	0.77730083	0.84075105	0.730994	0.8703871	0.7560967	0.8178003	0.7457006	0.7589768	0.78298	0.94243217	0.71102166	0.8098405	0.7682548	0.8158532	0.7806463	0.8848272	0.82064676	0.7820331	0.87116814	0.8036461	0.852379	0.8433692	0.8288629	0.84900695	0.8652096	0.7603524	0.8065305	0.8992574	0.7581846	0.74803555	0.72463834	0.78057456	0.85194904	0.80764467	0.8229801	0.885647	0.7809765	0.8263737	0.8794171	0.8301552	0.63924754	0.87738156	0.91727847	0.859912	0.84892976	0.6429924	0.7439432	0.7531055	0.80671394	0.7822816	0.84956104	0.7791197	0.81992376	0.76849806	0.85144895	0.7182114	0.91731465	0.7761105	0.72987956	0.89109266	0.89455295	0.76345974	0.68020946	0.8576612	0.84437835	0.89389634	0.82231617	0.87117076	0.8822403	0.8624704	0.77531475	0.8448056	0.80774075	0.7923321	0.884146	0.6914738	0.91080743	0.86480093	0.64339304	0.8506626	0.54304403	0.7762318	0.8733194	0.7429609	0.7835487	0.9017863	0.8611902	0.8369277	0.7020258	0.8759916	0.7947314	0.8614502	0.80324984	0.7682196	0.8662685	0.887208	0.8466888	0.59310216	0.88984567	0.8380375	0.80947024	0.9309163	0.9506899	0.8346199	0.8748158	0.85484797	0.8695546	0.9104645	0.7855719	0.7203202	0.82739145	0.81489766	0.93122786	0.8070258	0.8437587	0.91349137	0.83810365	0.8941336	0.8626196	0.94542277	0.78354716	0.8647836	0.8950275	0.9054522	0.8195758	0.6999171	0.6853292	0.7284988	0.84694827
langzaam/adj	0.7838454	0.7944387	0.0	0.8642291	0.6738321	0.89207345	0.7317302	0.84128153	0.8733346	0.83580667	0.89536506	0.88294387	0.79712844	0.8015255	0.7895925	0.8446132	0.66715163	0.72690845	0.8968571	0.77653974	0.79651266	0.8323819	0.74233997	0.8196344	0.84151155	0.913622	0.76101816	0.7835585	0.91190964	0.8112369	0.8958769	0.83017814	0.90802646	0.8721374	0.7153349	0.7860585	0.7953562	0.9232346	0.633149	0.8168187	0.75758994	0.808836	0.9465655	0.8218626	0.8185036	0.84006625	0.81984717	0.8826181	0.8032839	0.82997924	0.74627495	0.8907194	0.5750495	0.55681145	0.7909982	0.9732428	0.6479833	0.881137	0.8188262	0.9053738	0.88524234	0.860538	0.78998864	0.77924824	0.8162161	0.8458605	0.88281727	0.866138	0.79538935	0.75264084	0.9118832	0.83879113	0.74954736	0.91034395	0.8672099	0.82349604	0.74544525	0.7737333	0.8845555	0.7941623	0.75189614	0.8738341	0.85672915	0.87673706	0.8281594	0.79785806	0.7321973	0.8783643	0.91619974	0.8176946	0.8202476	0.81631666	0.7414899	0.695325	0.80814135	0.7885847	0.6741447	0.82565665	0.70193976	0.7792467	0.8049368	0.8525841	0.92360044	0.78348356	0.72987187	0.8671717	0.88721204	0.7619232	0.6160469	0.8091912	0.8755065	0.7731657	0.79000056	0.79570544	0.8678684	0.81206864	0.84521806	0.7042829	0.8255564	0.8518305	0.7691361	0.6225456	0.92118466	0.8987673	0.79790395	0.80723333	0.62236536	0.7930741	0.89523697	0.83697885	0.8263787	0.82259697	0.8901849	0.8290534	0.79725516	0.75051886	0.8572146	0.75578344	0.8273996	0.7909577	0.9063511	0.8458158	0.8477469	0.6121818	0.79614186	0.7979073	0.7321654	0.94415414	0.951085	0.86063004	0.9136239	0.87997836	0.80027384	0.8801622	0.854939	0.78823435	0.8598479	0.6072651	0.84516156	0.7879095	0.7400102	0.9283706	0.8207859	0.90401417	0.8263882	0.9657593	0.6900951	0.9249007	0.8756963	0.86970186	0.85580176	0.7992445	0.8232221	0.7310854	0.85358447
deur/noun	0.7479415	0.90071034	0.8642291	0.0	0.8323836	0.9145832	0.8369447	0.8476958	0.8847329	0.9099264	0.93592143	0.9163348	0.8335094	0.86730576	0.8692553	0.82648873	0.6942876	0.83137476	0.9504825	0.83855784	0.69450134	0.8525275	0.80934066	0.9003053	0.8944631	0.93324697	0.81513464	0.8397256	0.9577125	0.88432866	0.9699156	0.9321941	0.94902265	0.89788043	0.72222406	0.9118422	0.9285617	0.92497015	0.726344	0.8611007	0.90013665	0.7841493	0.95730865	0.8349703	0.93890953	0.78953373	0.93114537	0.911747	0.9211517	0.8925953	0.8602074	0.91601014	0.91401136	0.89562577	0.9488876	0.9301686	0.77283686	0.93196553	0.83130944	0.8943732	0.91726017	0.8995433	0.86353594	0.9400057	0.7542009	0.89610386	0.86902344	0.92287564	0.90865386	0.8100218	0.9392651	0.8546566	0.7755703	0.94566476	0.92378587	0.9211378	0.77946204	0.82685924	0.9088515	0.95593315	0.7602482	0.8473823	0.85937846	0.9230166	0.8705257	0.83020973	0.8472445	0.909575	0.94971395	0.6947561	0.8369452	0.8899643	0.8206372	0.870306	0.75102866	0.8397025	0.86133325	0.9229383	0.863837	0.8202382	0.7810669	0.8822228	0.96933454	0.825163	0.84615386	0.7718699	0.94559026	0.75695384	0.7677964	0.87337995	0.903525	0.8747983	0.94922954	0.7948883	0.8474506	0.82916474	0.9514824	0.8885759	0.90836895	0.94262147	0.82677025	0.7901467	0.96446633	0.93353397	0.93710333	0.6855223	0.86909866	0.81499153	0.965437	0.8688812	0.9326576	0.8422667	0.92298454	0.7441304	0.9456861	0.7925931	0.9182142	0.76480055	0.93686	0.8600702	0.93640035	0.8370513	0.91192156	0.71917164	0.8080129	0.84210813	0.8798628	0.9646836	0.9489223	0.9276414	0.94019735	0.9331068	0.7849137	0.60218656	0.9216414	0.908751	0.91985875	0.86251545	0.92210567	0.8943083	0.9179412	0.91818035	0.87479234	0.9479904	0.8573725	0.9786176	0.85460544	0.923843	0.88741124	0.896456	0.7956924	0.86249864	0.91215163	0.7717509	0.9345211
alsof/comp	0.74583894	0.801805	0.6738321	0.8323836	0.0	0.9021838	0.6827092	0.77496636	0.91836077	0.83311594	0.845299	0.913348	0.80561805	0.6564957	0.7606461	0.7664009	0.7195805	0.77438885	0.92830634	0.76123214	0.7700621	0.7019108	0.64132375	0.7974416	0.8993279	0.7963309	0.83491427	0.8570142	0.8811884	0.86858964	0.8137887	0.86318195	0.85172135	0.8358601	0.7300054	0.83900666	0.72280276	0.85929334	0.6866027	0.7991843	0.73182166	0.8405926	0.9140463	0.78681827	0.8294868	0.820763	0.79856527	0.7861345	0.68156874	0.78818107	0.57209784	0.8588493	0.7436077	0.84393805	0.8746183	0.9565138	0.6392686	0.95948946	0.6077484	0.9351022	0.8884585	0.81253767	0.8203579	0.7159326	0.75619894	0.8240742	0.8284713	0.8766519	0.87656105	0.63078344	0.9089781	0.6707704	0.822091	0.880956	0.8483873	0.7792703	0.5753922	0.73421943	0.8654948	0.83326143	0.666335	0.8250672	0.8727783	0.7600491	0.85194635	0.6668275	0.7459524	0.81689036	0.916749	0.87622106	0.78183866	0.74510956	0.82365143	0.5488783	0.82685965	0.8497275	0.629457	0.8227029	0.65857446	0.72324586	0.75312513	0.84039056	0.87878853	0.7814251	0.75836706	0.8493192	0.9161981	0.7831452	0.65779793	0.74908173	0.86425436	0.7076057	0.7413292	0.7595551	0.9056579	0.6962397	0.7763831	0.7898309	0.6634619	0.83505833	0.76545256	0.5808718	0.9447342	0.8993594	0.7267974	0.84808433	0.8094609	0.6579466	0.845443	0.7643074	0.7792832	0.7495673	0.8920677	0.88260406	0.7555559	0.67977536	0.696423	0.70802546	0.823157	0.63550866	0.88941914	0.7443063	0.7094218	0.7412138	0.8165652	0.8188776	0.73090166	0.9604401	0.9262394	0.88963515	0.92638695	0.89154875	0.8507132	0.8767647	0.8964881	0.81101364	0.86695	0.6890745	0.80341387	0.71565497	0.6270963	0.9317645	0.89234495	0.9218054	0.86720675	0.9443842	0.69754034	0.92838645	0.81379473	0.924573	0.8432275	0.81531143	0.8217357	0.6693398	0.8435174
Claeys/name	0.8847631	0.86032987	0.89207345	0.9145832	0.9021838	0.0	0.8558675	0.9024691	0.8893547	0.8408761	0.8124375	0.910899	0.88442385	0.8843725	0.91756165	0.8985836	0.8795982	0.76829684	0.91007376	0.9086762	0.8815986	0.91032815	0.9187117	0.89886767	0.9007871	0.9233257	0.8865392	0.71785945	0.89564383	0.73182726	0.8890829	0.9225582	0.77408475	0.7981464	0.8459878	0.8199844	0.86794406	0.90203613	0.7934404	0.8890889	0.8563983	0.90876037	0.66646814	0.8937519	0.876	0.8715166	0.9464877	0.91448206	0.888983	0.94355154	0.89931554	0.70176214	0.8534162	0.81540537	0.9006046	0.6063731	0.7869753	0.8422253	0.87865686	0.9142803	0.80313367	0.87666136	0.8955945	0.93262094	0.8997657	0.89500064	0.923792	0.8266989	0.824865	0.9031916	0.60118634	0.86620384	0.8717227	0.7311429	0.8392794	0.86158264	0.8401697	0.82439935	0.73012453	0.9274436	0.92194134	0.9151506	0.8909457	0.87698895	0.8897228	0.89568484	0.835916	0.74053067	0.8406956	0.90872014	0.90747154	0.8683592	0.7565288	0.8734845	0.81146973	0.69423676	0.8764381	0.8975054	0.9207556	0.8240013	0.90118676	0.8571057	0.73373216	0.7587762	0.8224053	0.9027595	0.7661411	0.7917376	0.8430425	0.8498142	0.6517112	0.916087	0.90005106	0.8998158	0.9013254	0.88365614	0.9365436	0.87117153	0.87161684	0.88156456	0.8252758	0.8064207	0.85296935	0.7042661	0.85409474	0.9086598	0.8449142	0.914201	0.86895156	0.86144555	0.90979695	0.9362455	0.7386987	0.9105469	0.8705629	0.9003263	0.8939497	0.8051535	0.8247796	0.7451772	0.601854	0.90943223	0.88943446	0.8072462	0.89278436	0.91174704	0.8880724	0.8426659	0.7831438	0.6875435	0.7095481	0.7170968	0.9270693	0.9428396	0.8213376	0.8912301	0.65283155	0.9108487	0.9477482	0.92644036	0.9022545	0.938606	0.89999026	0.74010086	0.89790314	0.4966362	0.8813331	0.6636622	0.94014835	0.91811013	0.7873507	0.91527164	0.7785571	0.8622082	0.7953621
dan/adv	0.8209363	0.69893444	0.7317302	0.8369447	0.6827092	0.8558675	0.0	0.86238605	0.8498814	0.6499856	0.876255	0.864347	0.80212885	0.8118042	0.647431	0.82832587	0.7831777	0.6792945	0.8556645	0.7890245	0.87236327	0.8439666	0.8367556	0.8409943	0.82986605	0.6432189	0.78613925	0.7548121	0.8531073	0.791319	0.91994274	0.8927019	0.8781164	0.8740231	0.7819052	0.6623511	0.8556515	0.8695901	0.62658167	0.7968834	0.6599945	0.7834527	0.92701644	0.82683015	0.9007418	0.8083896	0.87771696	0.8408535	0.6488614	0.88063973	0.4149835	0.7861512	0.7642403	0.6688997	0.7732724	0.96062267	0.80767393	0.86995506	0.5646857	0.87747175	0.82731634	0.8853046	0.81582975	0.78289914	0.79920965	0.8930227	0.85613596	0.87083745	0.76871216	0.8248193	0.8783256	0.5714079	0.89500713	0.8619851	0.82338697	0.8481899	0.46250463	0.5582342	0.866286	0.9051438	0.70660794	0.85658896	0.88654476	0.72716737	0.84326226	0.74838257	0.7136698	0.8723792	0.88224113	0.85346425	0.84303784	0.5577945	0.7165979	0.6091478	0.7282423	0.7635241	0.5996001	0.8278301	0.830179	0.83815986	0.8279532	0.8351488	0.9331665	0.61320806	0.8640163	0.85737854	0.89604527	0.7045951	0.5834034	0.8305512	0.8348413	0.8039953	0.8435823	0.864985	0.9194975	0.7382968	0.8483196	0.86164004	0.45233655	0.878862	0.83058876	0.7081424	0.91828156	0.8242423	0.55883825	0.8446512	0.66450346	0.53995097	0.9148054	0.84502715	0.8892605	0.8578727	0.8611002	0.8818903	0.86054945	0.8343084	0.60555017	0.67971146	0.8249236	0.5910046	0.88432604	0.85101783	0.6338701	0.6653599	0.8061404	0.8469492	0.721655	0.9118862	0.9065327	0.8625238	0.871297	0.8491025	0.8092348	0.86878526	0.8369509	0.8925771	0.78116786	0.8184638	0.90776736	0.87472904	0.6312145	0.86792207	0.8665771	0.8830124	0.83873796	0.92818886	0.77689403	0.88877827	0.90278536	0.913772	0.8835993	0.6407074	0.8067092	0.7404755	0.85570323
touw_DIM/noun	0.7170104	0.85784197	0.84128153	0.8476958	0.77496636	0.9024691	0.86238605	0.0	0.8864173	0.91478515	0.8991586	0.91872746	0.82025826	0.8162851	0.8781956	0.83998084	0.7771145	0.8769455	0.9384059	0.7608975	0.8042832	0.7660426	0.82733625	0.898056	0.8877921	0.89972085	0.887287	0.9058298	0.9441285	0.90785813	0.9153684	0.8988859	0.9053488	0.91210157	0.7684479	0.87793064	0.8403579	0.90830773	0.7822642	0.8697606	0.8466109	0.8496551	0.92915106	0.8541205	0.8962178	0.90834445	0.8666433	0.86943233	0.880924	0.8588934	0.84479505	0.91253924	0.83855855	0.90175855	0.9277824	0.9486611	0.7599239	0.9408543	0.85148203	0.92016584	0.918059	0.90616447	0.8891648	0.8923942	0.79066646	0.8536904	0.8503299	0.9114691	0.9228749	0.7931947	0.92449903	0.8881341	0.86632705	0.93153256	0.8884369	0.8614863	0.8256683	0.8938156	0.9111718	0.9160799	0.8237654	0.80644804	0.85483116	0.8862738	0.879709	0.8239005	0.80881494	0.8867264	0.9203761	0.88545877	0.7850664	0.88519686	0.88606566	0.820601	0.8514186	0.88300586	0.8382091	0.8822848	0.8388436	0.8007853	0.7626804	0.8600913	0.9350012	0.87234867	0.81398284	0.9133285	0.92636555	0.85415727	0.7994394	0.7870172	0.88569057	0.7664271	0.8785655	0.8284262	0.91291	0.8531563	0.89876366	0.8641424	0.888405	0.9150877	0.8118623	0.7841826	0.9596449	0.917075	0.8878225	0.89414644	0.85961366	0.8677633	0.91500604	0.84999	0.8773833	0.8661523	0.90894896	0.89312446	0.8447499	0.74790454	0.92843634	0.8851679	0.90837085	0.84381586	0.9138797	0.81688756	0.9064307	0.7756684	0.8134684	0.76708496	0.86883974	0.94388777	0.9626269	0.910745	0.9257106	0.9141814	0.9294467	0.8972047	0.90884155	0.8548448	0.900178	0.81576294	0.8450535	0.86450803	0.8746769	0.93034685	0.92507607	0.94188595	0.8940638	0.9425994	0.8402746	0.9203447	0.7792623	0.9422507	0.8763835	0.90496844	0.8816833	0.800828	0.9285615
leverancier/noun	0.82934415	0.70519996	0.8733346	0.8847329	0.91836077	0.8893547	0.8498814	0.8864173	0.0	0.8935542	0.9058064	0.9075698	0.8892098	0.87013364	0.89511144	0.89501095	0.88799596	0.87899464	0.8474438	0.90198743	0.90927887	0.9053449	0.94291276	0.8989557	0.71315336	0.84840834	0.8510061	0.91172653	0.9300314	0.9344001	0.8969787	0.6992297	0.9122019	0.89412427	0.84733737	0.82309574	0.9029291	0.8519893	0.7389482	0.6311088	0.78392446	0.8438168	0.90597326	0.9191696	0.8830533	0.8948975	0.8706168	0.86902297	0.89984834	0.9305273	0.8633815	0.9128506	0.8434292	0.813915	0.9164813	0.96387374	0.6969168	0.93587303	0.85767746	0.86885655	0.83761907	0.9405008	0.8315102	0.90399146	0.8004613	0.81010664	0.8903761	0.90609634	0.9129859	0.87947446	0.9428042	0.87349	0.88452935	0.9417782	0.8796868	0.8483271	0.8112611	0.8908056	0.9099304	0.8992989	0.8837291	0.8982606	0.82629824	0.883773	0.93603504	0.89059985	0.72777116	0.8971861	0.94828653	0.8459025	0.770649	0.81506157	0.8568348	0.87526906	0.79300237	0.89478475	0.8903223	0.88427794	0.8562503	0.7871439	0.851663	0.8137762	0.9379531	0.8500745	0.79684824	0.8917265	0.9435887	0.8534492	0.7498722	0.9228589	0.9051418	0.9171246	0.8862719	0.90418553	0.8606324	0.8885999	0.91474223	0.86971855	0.91066587	0.89563984	0.92828685	0.79415786	0.9636056	0.9259428	0.8899418	0.80570376	0.72703683	0.8046295	0.8692144	0.8283124	0.87180775	0.9150727	0.9186526	0.8340939	0.80349284	0.9188027	0.90320206	0.8980368	0.9051132	0.85430086	0.9404087	0.90278834	0.9194533	0.68384	0.89990044	0.82573116	0.8500616	0.9522243	0.9615091	0.9221146	0.9350341	0.9147825	0.8703181	0.85782224	0.8704627	0.7915013	0.9041965	0.90819895	0.952598	0.89121675	0.9116939	0.95748514	0.8993775	0.9522137	0.90128636	0.96065825	0.8483226	0.9016963	0.9280456	0.93489075	0.8780712	0.86337274	0.8377355	0.70509243	0.90999115
nog/adv	0.88863015	0.72060704	0.83580667	0.9099264	0.83311594	0.8408761	0.6499856	0.91478515	0.8935542	0.0	0.9140497	0.88947916	0.8337457	0.8718442	0.7515955	0.8913994	0.8794126	0.68785286	0.85568845	0.86919117	0.9075073	0.92419606	0.9094613	0.91720855	0.8788688	0.7262987	0.8979066	0.7737358	0.8906796	0.770599	0.92003024	0.8866813	0.90494347	0.86114466	0.8337219	0.65937483	0.88161266	0.8732367	0.8345101	0.8835229	0.77415335	0.8618701	0.92543906	0.9193197	0.8921611	0.8501344	0.9326934	0.8884253	0.7625136	0.9242404	0.7184582	0.81228375	0.830559	0.7629094	0.71186376	0.93013865	0.87034607	0.80214393	0.80129033	0.901224	0.8799012	0.9201764	0.87124205	0.853803	0.8926308	0.9143801	0.89195395	0.8458811	0.72167146	0.89535373	0.8195342	0.73469913	0.8671096	0.85216975	0.8755049	0.87741125	0.7290368	0.71793914	0.8594564	0.88631165	0.80805844	0.8834309	0.88152075	0.7762605	0.8798941	0.8789813	0.8140924	0.901189	0.8632218	0.9067828	0.89382994	0.72481966	0.7097708	0.7820617	0.8779423	0.766366	0.7961992	0.88661975	0.87380123	0.8572483	0.87234634	0.8598765	0.9323884	0.79645175	0.91253054	0.87975526	0.88238496	0.77456623	0.7445507	0.87815213	0.82624745	0.89725477	0.86296594	0.9066715	0.9369532	0.8632749	0.90424865	0.85671663	0.6575822	0.86349505	0.8873601	0.7955491	0.8780092	0.81994545	0.6231991	0.9152884	0.76142335	0.7727845	0.92456543	0.85003483	0.8792013	0.91037256	0.8438594	0.9173146	0.8834976	0.91426563	0.7807029	0.8056908	0.8309132	0.7326454	0.8377098	0.8921383	0.80007434	0.73282087	0.9175545	0.90459543	0.8608538	0.9293209	0.8967247	0.8145616	0.8488738	0.8366782	0.9004432	0.8971953	0.81936646	0.9235594	0.7763681	0.8804951	0.9346059	0.8807432	0.7932782	0.9044737	0.9060102	0.8450378	0.88509613	0.8985764	0.80973065	0.85224897	0.9515087	0.9302367	0.79342633	0.64462173	0.7854551	0.86812264	0.8594798
Ruth/name	0.906757	0.86268055	0.89536506	0.93592143	0.845299	0.8124375	0.876255	0.8991586	0.9058064	0.9140497	0.0	0.89825296	0.9050186	0.83339334	0.89343745	0.8879618	0.92148745	0.8543004	0.9273873	0.89971876	0.89643925	0.9159368	0.9122209	0.86942977	0.91787565	0.91065925	0.9078779	0.898574	0.8895826	0.889054	0.7518426	0.9079832	0.77682567	0.8159326	0.8652346	0.872112	0.8153258	0.8675374	0.82110363	0.87737995	0.8506194	0.9040441	0.82170045	0.87896234	0.89077455	0.87265074	0.866062	0.85641044	0.8568861	0.90532863	0.8673091	0.8409757	0.8537068	0.9163407	0.9197132	0.849342	0.7824039	0.9129594	0.81849253	0.9004109	0.88727605	0.8244136	0.8974639	0.86902964	0.8862809	0.8585166	0.90463656	0.8561657	0.88612324	0.8620938	0.87208796	0.8520662	0.8636187	0.89064443	0.8811613	0.85045004	0.76913595	0.8032218	0.88618326	0.929903	0.8767377	0.91958976	0.8773791	0.82714164	0.930478	0.88095117	0.8537945	0.7526066	0.91777676	0.9228099	0.9086637	0.8881912	0.87542456	0.82003987	0.8424244	0.87776977	0.8615445	0.86634094	0.8618981	0.8413211	0.8834006	0.8252887	0.7605044	0.85213137	0.8038057	0.90063775	0.9032132	0.8492445	0.86969304	0.89230776	0.854336	0.91290885	0.8220876	0.90290976	0.9159214	0.76256925	0.8563873	0.90863234	0.83215165	0.8135008	0.90824777	0.8402343	0.91517794	0.8882592	0.8500141	0.9231108	0.90236396	0.8971181	0.7408489	0.83645535	0.87211406	0.9086325	0.85117	0.9402474	0.8516075	0.88721025	0.819659	0.81221414	0.8554449	0.7289738	0.8303845	0.9183366	0.82765853	0.8785409	0.9210868	0.8933805	0.8780807	0.9396573	0.93061125	0.8577885	0.86441565	0.8640538	0.92402995	0.9230742	0.8826525	0.8566441	0.84268814	0.91646457	0.9578301	0.88013303	0.87076724	0.97736275	0.9065636	0.9112739	0.92840344	0.82290965	0.8758732	0.8840089	0.91619325	0.930924	0.83329237	0.9217708	0.7981221	0.83480793	0.79748845
wielertoeristen/noun	0.8701325	0.84431547	0.88294387	0.9163348	0.913348	0.910899	0.864347	0.91872746	0.9075698	0.88947916	0.89825296	0.0	0.9211377	0.90772146	0.9047151	0.9083735	0.874934	0.84923273	0.9366938	0.89691895	0.9101267	0.9237423	0.9244014	0.90649533	0.9252907	0.937541	0.8803172	0.8837472	0.9533848	0.8994312	0.92472684	0.9225101	0.91936904	0.90143836	0.8813958	0.8988201	0.88609165	0.9303901	0.8517672	0.90671027	0.860473	0.74970317	0.91920406	0.87434244	0.8541319	0.80362856	0.8979892	0.85402775	0.8921115	0.9263725	0.87885964	0.91330826	0.89298797	0.8488599	0.8982905	0.94016623	0.8237634	0.95899916	0.88058215	0.8846851	0.92339766	0.91826516	0.8214158	0.93977267	0.8966063	0.90613836	0.87607837	0.9060396	0.86947304	0.9024443	0.8916647	0.84471077	0.8754026	0.9237	0.88615334	0.91944325	0.84389246	0.8740877	0.88806343	0.92786026	0.88777995	0.8849547	0.88986963	0.8710544	0.89953625	0.86297977	0.88254935	0.92020446	0.93489945	0.78916407	0.9078586	0.8866594	0.8232715	0.85593355	0.8832663	0.8293415	0.8564594	0.8997464	0.89709044	0.86706144	0.8620597	0.90717494	0.9442777	0.86991394	0.8388497	0.8364974	0.92295355	0.78566957	0.86842775	0.89346296	0.8601203	0.9240432	0.9010578	0.8790259	0.84331536	0.8883994	0.8779387	0.86608136	0.86968136	0.8403186	0.88810194	0.8511344	0.9344983	0.9555974	0.89339817	0.7852817	0.8642038	0.86925113	0.92552304	0.8584024	0.923836	0.8759512	0.9338841	0.80047953	0.9310426	0.8965736	0.88703585	0.84613585	0.8259649	0.8557192	0.8841309	0.92488384	0.90010595	0.81524026	0.8452971	0.83642286	0.8875746	0.9495562	0.9597652	0.9081799	0.90124446	0.9469068	0.8010986	0.8851133	0.69121885	0.87763417	0.9101218	0.88053995	0.9372297	0.94092435	0.8926925	0.92387366	0.60942155	0.93396455	0.82357836	0.95831263	0.8770013	0.92742985	0.9213619	0.7522565	0.8249552	0.849835	0.87314343	0.86699045	0.9176165
onderaan/adv	0.76167613	0.7745483	0.79712844	0.8335094	0.80561805	0.88442385	0.80212885	0.82025826	0.8892098	0.8337457	0.9050186	0.9211377	0.0	0.827262	0.8444401	0.8545851	0.76820266	0.79589915	0.9315058	0.78087974	0.7959759	0.8383349	0.8473625	0.86601865	0.88846266	0.9103657	0.86834115	0.8334124	0.9143783	0.8232309	0.91687346	0.8615234	0.92605734	0.8382313	0.7411634	0.83187306	0.88833845	0.8473439	0.7690751	0.81955713	0.77176046	0.8453228	0.9234996	0.84954715	0.87838435	0.8606803	0.8453807	0.8340329	0.8363742	0.867257	0.80391216	0.8451438	0.8284405	0.8406204	0.9039426	0.94762194	0.7417791	0.75058484	0.8584037	0.9026738	0.8620349	0.89406	0.8450309	0.8893943	0.79037815	0.8589984	0.8770732	0.8400083	0.8314564	0.8142881	0.8655139	0.8612381	0.8008528	0.92976415	0.84593445	0.84725046	0.79906505	0.8439813	0.8361413	0.90928245	0.78489995	0.8537242	0.87916225	0.8709574	0.8243733	0.8527081	0.7986785	0.8735228	0.9305881	0.85994875	0.79596525	0.8546017	0.80405223	0.8013382	0.8030865	0.7718816	0.8197038	0.8898151	0.8462479	0.7549799	0.80040103	0.7943261	0.92912704	0.8056799	0.8346411	0.9004423	0.91651917	0.7758245	0.80210453	0.8061348	0.86130714	0.8143593	0.8610158	0.8336124	0.8989785	0.84591067	0.8953078	0.82558024	0.8677733	0.8570881	0.8442142	0.7752373	0.90603346	0.8560796	0.82098484	0.86011183	0.7570685	0.84044224	0.90971434	0.85068965	0.8732329	0.85272694	0.9014622	0.87389785	0.8517617	0.78548497	0.89525354	0.8572672	0.848298	0.8449439	0.8714824	0.81373763	0.8973552	0.7141161	0.8378925	0.8410752	0.81472206	0.9334074	0.9315938	0.82216275	0.87861013	0.88526595	0.8995006	0.8905643	0.86018986	0.82910526	0.84446627	0.80828977	0.8462632	0.84789324	0.82899475	0.89757395	0.88871795	0.8896656	0.8821806	0.9437086	0.80060005	0.88376147	0.8576509	0.92129225	0.8005147	0.86089957	0.808281	0.771146	0.8958634
onhandig/adj	0.7762512	0.8081465	0.8015255	0.86730576	0.6564957	0.8843725	0.8118042	0.8162851	0.87013364	0.8718442	0.83339334	0.90772146	0.827262	0.0	0.8233776	0.8042924	0.80225736	0.8216432	0.8823461	0.7910905	0.7996891	0.77952516	0.7811189	0.8193085	0.8209108	0.8467573	0.8607018	0.8735194	0.86748433	0.87361234	0.796859	0.8234102	0.8236846	0.8113909	0.74624527	0.79952306	0.7331796	0.8798201	0.73472583	0.7659448	0.7018837	0.80347717	0.88821393	0.8241862	0.80342555	0.860327	0.83107543	0.8034481	0.7132057	0.811354	0.72421074	0.84689534	0.7762798	0.81648505	0.90160686	0.93186694	0.66002536	0.92108047	0.72955686	0.9097712	0.7891864	0.8177634	0.81727725	0.7801095	0.7462608	0.81434476	0.8526016	0.87654406	0.88962114	0.7327804	0.90046066	0.8020929	0.84399354	0.9214442	0.83201	0.79459673	0.69750416	0.84515	0.8643373	0.8563876	0.8064624	0.808958	0.8563985	0.8145614	0.8587955	0.7883105	0.7392843	0.7895333	0.9361626	0.84575653	0.8047311	0.785026	0.84895724	0.60787433	0.82954717	0.8674708	0.7328789	0.83472955	0.7739543	0.725381	0.77733696	0.7980682	0.8399409	0.84163445	0.771134	0.8783363	0.9104232	0.78924245	0.7695526	0.7917752	0.8770861	0.79182345	0.76008457	0.82523215	0.9165825	0.7890616	0.8580194	0.8161932	0.7930151	0.80960405	0.8174275	0.7064741	0.9466712	0.90987873	0.7852127	0.8296619	0.7893524	0.74436015	0.8094112	0.7616259	0.80497336	0.8107818	0.87839174	0.8474741	0.77806324	0.7511201	0.79958564	0.84257114	0.8498846	0.723398	0.87967247	0.8020428	0.7967115	0.7449185	0.812708	0.81860375	0.7726125	0.95532423	0.90936124	0.8636488	0.922806	0.8544937	0.8738542	0.8720827	0.89750177	0.8089004	0.8683833	0.8328201	0.8398196	0.79051614	0.7220808	0.9435349	0.86005396	0.9133575	0.8680735	0.9144259	0.73535377	0.90263015	0.87180674	0.9022481	0.83194304	0.86548895	0.8105746	0.701823	0.8507662
alles/noun	0.86289245	0.7537025	0.7895925	0.8692553	0.7606461	0.91756165	0.647431	0.8781956	0.89511144	0.7515955	0.89343745	0.9047151	0.8444401	0.8233776	0.0	0.874295	0.8759899	0.8192173	0.8805931	0.8216211	0.9024624	0.86475545	0.84758735	0.8561639	0.80912584	0.792537	0.9038876	0.8730822	0.88937163	0.8764035	0.91447574	0.8642096	0.90176857	0.8886355	0.8235282	0.76899225	0.844854	0.87914646	0.75090384	0.8355812	0.7141193	0.8160463	0.92768824	0.9030303	0.8789825	0.86555547	0.894147	0.8331381	0.6989968	0.88390493	0.6225026	0.88803375	0.7828152	0.7527662	0.8567576	0.9551051	0.76966333	0.9125022	0.7593796	0.9070423	0.90375257	0.91513014	0.8458199	0.80557233	0.82389635	0.8214233	0.91790444	0.89130986	0.89213973	0.8451692	0.92146647	0.7088398	0.89663434	0.90784895	0.87079287	0.8367792	0.6415994	0.785831	0.89094317	0.8920203	0.8056239	0.89189094	0.88980985	0.7838117	0.9054642	0.83754164	0.7653036	0.91202635	0.93045384	0.8809844	0.82538533	0.70639116	0.82828987	0.7316891	0.8620064	0.87309486	0.789757	0.84510297	0.8224685	0.8657464	0.8390931	0.84073156	0.9523534	0.7857035	0.87319505	0.9006704	0.92905176	0.8178406	0.74667907	0.872453	0.8979406	0.838367	0.8135853	0.87369084	0.9242113	0.8496316	0.85612965	0.88516533	0.6809306	0.8416276	0.87667006	0.8061769	0.95218295	0.9045845	0.6675607	0.87414914	0.78669167	0.7309233	0.900778	0.83981806	0.8632906	0.9046071	0.9235805	0.8790593	0.81278	0.87810135	0.7541027	0.8788001	0.8428305	0.74474126	0.9259798	0.86570144	0.7621702	0.70356584	0.88765526	0.87928474	0.8401391	0.9595729	0.9510665	0.9034489	0.8913294	0.90406626	0.8940395	0.9027574	0.8900823	0.8691142	0.89734554	0.85315615	0.86760676	0.80943453	0.7424674	0.9170709	0.9116554	0.9420222	0.8985893	0.95104194	0.8175165	0.9336851	0.88762873	0.9346382	0.9389255	0.7965126	0.84746003	0.8268704	0.87653464
pyjama/noun	0.82260144	0.88556516	0.8446132	0.82648873	0.7664009	0.8985836	0.82832587	0.83998084	0.89501095	0.8913994	0.8879618	0.9083735	0.8545851	0.8042924	0.874295	0.0	0.80481726	0.8425996	0.9375646	0.820874	0.8344359	0.80758566	0.82627004	0.8631103	0.9360918	0.8991033	0.87206286	0.8839844	0.943241	0.90341187	0.9030839	0.9177606	0.9052072	0.88863355	0.823709	0.89995575	0.84260106	0.8880309	0.78757185	0.8557205	0.8413909	0.8031976	0.92698	0.81356823	0.8982513	0.8353661	0.9026837	0.7558584	0.86803347	0.8279478	0.7934611	0.9049395	0.8665149	0.9013548	0.9102773	0.95251256	0.76163006	0.95564115	0.80868655	0.9203379	0.9353336	0.9094	0.8419873	0.8943614	0.7262491	0.829086	0.9165679	0.9113449	0.8877451	0.8329715	0.92672276	0.8383278	0.8346576	0.9211772	0.92462826	0.9029134	0.7289424	0.83971965	0.9135591	0.92129135	0.80778563	0.8342632	0.900272	0.85076195	0.91652244	0.8388002	0.8761967	0.8970144	0.94391155	0.86074764	0.81087375	0.8890802	0.8881069	0.8037855	0.8335105	0.8942483	0.8257349	0.9003147	0.870648	0.81693995	0.7338598	0.86692816	0.9162894	0.8517794	0.87572396	0.857129	0.9211926	0.85186976	0.8246727	0.8862758	0.8973241	0.8603753	0.8585957	0.8059063	0.9017205	0.75126743	0.9044744	0.8416857	0.8229928	0.89910245	0.8251316	0.75902617	0.96499866	0.9232409	0.863192	0.8293965	0.90132636	0.7787167	0.913977	0.86249596	0.89250255	0.79207146	0.94350314	0.90048516	0.8966667	0.7825453	0.8707222	0.81972325	0.90792876	0.81576306	0.9234322	0.7843846	0.87033474	0.7992918	0.83414817	0.8464669	0.85209614	0.9744361	0.9654059	0.9256934	0.9335854	0.9425726	0.8843831	0.8620994	0.9106215	0.8742363	0.91948414	0.8293321	0.79034233	0.88126177	0.84883755	0.9627687	0.8930844	0.94481915	0.86105585	0.95827305	0.84951246	0.9355818	0.7855865	0.91985136	0.840944	0.86065614	0.88594496	0.75503206	0.8712789
beneden/adv	0.7220148	0.8700241	0.66715163	0.6942876	0.7195805	0.8795982	0.7831777	0.7771145	0.88799596	0.8794126	0.92148745	0.874934	0.76820266	0.80225736	0.8759899	0.80481726	0.0	0.7743632	0.93902636	0.75559133	0.74637383	0.77614623	0.7656671	0.7929336	0.9098224	0.9372552	0.7100048	0.8441155	0.9488791	0.8573128	0.9602733	0.8845767	0.93234044	0.9202816	0.6725044	0.8605992	0.8646507	0.95106727	0.6557607	0.8648799	0.82565534	0.75400686	0.9488561	0.80979943	0.89072573	0.81905246	0.8898616	0.88747203	0.88102144	0.8551123	0.81241643	0.8977764	0.83504987	0.79370415	0.92173594	0.9618551	0.70900166	0.870276	0.83045185	0.91121477	0.9060851	0.90845734	0.7915086	0.9047412	0.7442417	0.87171113	0.89586693	0.91160643	0.8569637	0.7518442	0.9278612	0.84848726	0.7706191	0.9089424	0.90194243	0.89129204	0.7770457	0.82108265	0.9033584	0.9122854	0.71448976	0.80023706	0.8523258	0.9015646	0.8060509	0.8034718	0.79888344	0.9144606	0.9325454	0.73780584	0.8010175	0.88230914	0.7864052	0.8020442	0.7632067	0.81006134	0.71391827	0.8903868	0.7882339	0.7757733	0.73877084	0.8905692	0.95610255	0.78037983	0.77294177	0.83054876	0.9125262	0.78863585	0.7261263	0.8078089	0.8827766	0.77181375	0.91294885	0.7425855	0.8499862	0.784755	0.9137843	0.7484257	0.87760484	0.92088693	0.68914115	0.63517064	0.9387826	0.91667306	0.88964844	0.73325133	0.7552359	0.8081628	0.95594054	0.8755026	0.90619844	0.76927084	0.91025335	0.7574948	0.87904066	0.69600654	0.912007	0.75708586	0.88368034	0.83217883	0.91904247	0.7922904	0.8858594	0.6581709	0.76483923	0.7519895	0.7733252	0.9445972	0.9331448	0.89710844	0.92703927	0.90685517	0.7698778	0.78491163	0.8730663	0.8989229	0.87856835	0.67285174	0.81862986	0.85280395	0.8525089	0.9244439	0.84091735	0.9239737	0.7953031	0.9635145	0.7668892	0.91382545	0.831118	0.85977584	0.79275	0.83422023	0.8810367	0.74869823	0.889333
alweer/adv	0.7865854	0.7636579	0.72690845	0.83137476	0.77438885	0.76829684	0.6792945	0.8769455	0.87899464	0.68785286	0.8543004	0.84923273	0.79589915	0.8216432	0.8192173	0.8425996	0.7743632	0.0	0.8765624	0.82052577	0.8143587	0.8718821	0.8685449	0.8394736	0.8948239	0.89908373	0.7950563	0.66283196	0.9169942	0.66519177	0.8894275	0.8952585	0.83988744	0.7857109	0.7448484	0.70871973	0.8316199	0.8774294	0.6953422	0.8998308	0.75592357	0.7959772	0.8765868	0.80074453	0.8446503	0.70810294	0.88871133	0.8427975	0.8083477	0.88033354	0.7975403	0.73732007	0.74573636	0.6839594	0.7184544	0.8594915	0.7827256	0.78522855	0.8111149	0.87992746	0.8334611	0.8644257	0.8264211	0.84925914	0.8094585	0.85606873	0.82394314	0.82099503	0.6077683	0.85284865	0.7381819	0.7823886	0.78611374	0.83317673	0.8186152	0.84279156	0.7366028	0.6306387	0.7886567	0.85453844	0.7553956	0.8838207	0.88340175	0.8243414	0.8401849	0.7912632	0.7801787	0.80994916	0.84753793	0.8389816	0.8416102	0.81996983	0.551602	0.7356496	0.74923515	0.66751975	0.69690466	0.87356544	0.8334092	0.7485255	0.8151038	0.8639116	0.8664578	0.5970936	0.79564023	0.82024515	0.82987386	0.62884474	0.66016155	0.7984899	0.7653181	0.862691	0.8148049	0.8417155	0.8759246	0.78730154	0.863273	0.78797686	0.77084243	0.79427785	0.80389136	0.7231456	0.8128659	0.7711735	0.7383491	0.83651626	0.7517205	0.7813196	0.8644016	0.8042803	0.8810472	0.8604422	0.79727095	0.860912	0.86748177	0.8465187	0.84425825	0.62333155	0.75661033	0.70358133	0.78498185	0.85325325	0.8329317	0.72291774	0.85050166	0.8357694	0.7956262	0.8857822	0.82709086	0.7198628	0.8179176	0.78085876	0.81246305	0.8308331	0.7772378	0.8454541	0.6811057	0.77563155	0.91779864	0.8591081	0.7596166	0.9194909	0.8510142	0.80479723	0.85789925	0.83117306	0.75879157	0.8006791	0.8802816	0.88654125	0.7002896	0.76169264	0.7656086	0.7921027	0.80544394
wetswijziging/noun	0.91858494	0.74138266	0.8968571	0.9504825	0.92830634	0.91007376	0.8556645	0.9384059	0.8474438	0.85568845	0.9273873	0.9366938	0.9315058	0.8823461	0.8805931	0.9375646	0.93902636	0.8765624	0.0	0.92499125	0.9300636	0.9312586	0.94914615	0.9435388	0.75083566	0.79940695	0.90236527	0.9092833	0.87932765	0.9320531	0.9375022	0.8633566	0.8987966	0.946103	0.91305286	0.7256855	0.9116291	0.9184873	0.8317987	0.81265926	0.7778386	0.9504958	0.9270622	0.89414877	0.9344821	0.89639896	0.9189203	0.9109761	0.8506987	0.9053965	0.9095779	0.9177113	0.8627856	0.84008515	0.896608	0.94397837	0.8607635	0.91873264	0.8907416	0.8617179	0.8665078	0.94585574	0.93596673	0.87930083	0.9421003	0.926928	0.8763509	0.9386486	0.9029227	0.93379956	0.94869804	0.87540996	0.8799901	0.9514366	0.86196816	0.8353022	0.8591672	0.89902854	0.9355887	0.8802804	0.94559187	0.91576135	0.86751354	0.914168	0.922925	0.9322244	0.770561	0.9309225	0.95489854	0.9442509	0.9098739	0.806617	0.83698803	0.870749	0.8127309	0.8766128	0.9348257	0.87183666	0.9038342	0.8837919	0.9425279	0.7988323	0.95939565	0.8572836	0.8102816	0.9339288	0.9297683	0.88011056	0.792593	0.94041234	0.92460346	0.949858	0.91016835	0.9435839	0.91491836	0.9180054	0.8873024	0.92158103	0.91192347	0.9244827	0.9502363	0.8949374	0.9634888	0.9065416	0.8479379	0.9421259	0.8151988	0.9155468	0.9343124	0.91306424	0.8884792	0.945813	0.9316271	0.93127984	0.8653368	0.94542396	0.89874196	0.91674596	0.9177915	0.8612865	0.94725454	0.9400701	0.91792154	0.78603435	0.95060223	0.9216772	0.89764994	0.96511185	0.97309345	0.9429874	0.9284423	0.92236054	0.93877184	0.94768244	0.92236674	0.89395213	0.92594355	0.93529534	0.952777	0.8991782	0.93162024	0.94785726	0.9164124	0.9255423	0.943253	0.9355316	0.87285995	0.9111545	0.9497955	0.9318136	0.9136637	0.8554332	0.84470034	0.8664927	0.9262371
poot_DIM/noun	0.7407495	0.8719162	0.77653974	0.83855784	0.76123214	0.9086762	0.7890245	0.7608975	0.90198743	0.86919117	0.89971876	0.89691895	0.78087974	0.7910905	0.8216211	0.820874	0.75559133	0.82052577	0.92499125	0.0	0.83546025	0.7462517	0.7957938	0.84338224	0.9139848	0.90847623	0.86875427	0.8745415	0.9348545	0.878602	0.9230395	0.8797596	0.9316319	0.9120751	0.77706665	0.8714023	0.8599644	0.92417616	0.7316785	0.8625287	0.82277346	0.8242724	0.94649625	0.8126552	0.8925337	0.8666437	0.8510696	0.84722483	0.8303819	0.8477152	0.79076576	0.9005935	0.8424128	0.82893217	0.8875335	0.97295624	0.73892593	0.9378074	0.8381879	0.94473535	0.9325827	0.90059066	0.82754445	0.8704289	0.7644092	0.85295165	0.8857252	0.91038144	0.90125865	0.7858372	0.94237304	0.8520531	0.8598411	0.9388476	0.90583044	0.8909691	0.7436844	0.85034466	0.90790725	0.91737455	0.79592156	0.79541826	0.89150375	0.85978234	0.8217288	0.8358096	0.81550634	0.89498085	0.92193866	0.8641685	0.7764677	0.8490444	0.8768561	0.7861001	0.82373655	0.8868574	0.7816255	0.892943	0.81168854	0.7813761	0.76717824	0.8546564	0.95900506	0.82861686	0.85827553	0.8918011	0.9232005	0.8406492	0.7705876	0.76891303	0.9264444	0.727638	0.8567476	0.8085644	0.90341073	0.8011639	0.91408783	0.8218422	0.8435682	0.8769201	0.76663244	0.7715431	0.94410217	0.9217268	0.85531825	0.85032463	0.83196324	0.806709	0.91769576	0.8444344	0.8821026	0.81389886	0.8953869	0.874634	0.8686482	0.7328782	0.8736422	0.8483875	0.90563	0.8194885	0.9415102	0.80437577	0.8688984	0.7527768	0.82918274	0.8112861	0.81279707	0.95642316	0.956844	0.9211087	0.91427857	0.9174306	0.88603836	0.8677428	0.89786696	0.8615143	0.899941	0.7825674	0.776705	0.85277176	0.7975009	0.91093826	0.90536875	0.92699045	0.8382792	0.97497874	0.8075367	0.9306978	0.79368925	0.9233852	0.8601922	0.8811339	0.88878196	0.74246573	0.91998476
