	troost/noun	loot/noun	droom/noun	belangstellende/noun	geld/noun	bevrediging/noun	reëel/adj	blijk/verb	loop_mis/verb	stang/noun	in/verb	geef/verb	druk_uit/verb	vrede_regeling/noun	alles/noun	telefoon_gesprek/noun	leef_op/verb	injecteer/verb	stel/verb	pelgrim/noun	genezing/noun	lijk/verb	verlossing/noun	heb_op/verb	gelul/verb	onzin/noun	uit_weg/noun	vod/noun	leer/verb	Belgisch/adj	toepassing/noun	ontleen/verb	veel/det	staal/noun	al/adv	horizon/noun	nieuw/adj	vaag/adj	scheel/verb	ons/det	incasseringsvermogen/noun	plaats_DIM/noun	slordig/adj	verlies/verb	schenk/verb	die/det	puin/noun	nauwelijks/det	veeg/verb	redding/noun	goed/adj	vrede/noun	wanhoop/noun	krijg/verb	tijd/noun	en/vg	breng/verb	liefde/noun	groot/adj	kabaal/noun	ding/noun	oppositie/noun	geef_op/verb	schep/verb	boodschap/noun	rommel/noun	geen/det	enig/det	gooi/verb	laat/adj	mijn/det	verandering/noun	in/prep	kind_DIM/noun	wat/det	Francesco/name	één/num	terug_match/noun	einde/noun	weinig/det	verbetering/noun	overleving/noun	overlast/noun	spreek_uit/verb	wek_op/verb	rente/noun	vestig/verb	weer/adv	hele/adj	daarmee/pp	groei/verb	rechtvaardig/verb	sprankje/noun	doe/verb	vreugde/noun	zegen/noun	geef_uit/verb	ijdel/adj	koop/verb	vrees/noun	rust/noun	waarheid/noun	ben/verb	sterk/verb	materiaal/noun	pril/adj	rotzooi/noun	schiet_af/verb	stil/adj	bied/verb	genees_middel/noun	lig/verb	heel/adj	vooral/adv	conflict/noun	sterf/verb	geduld/noun	koester/verb	heb/verb	bel_af/verb	poen/noun	laat/verb	op/prep	ontneem/verb	beterschap/noun	mens/noun	licht_DIM/noun	verwachting/noun	Al/det	verdriet/noun	flauw/adj	leven_DIM/noun	haar/det	ballast/noun	enig/adj	werk/noun	alle/det	voor/prep	afloop/noun	blijf/verb	herstructurering/noun	zonder/prep	de/det	ervaring/noun	gelijkmaker/noun	hulpverlener/noun	kennis/noun	geloof/noun	hun/det	vals/adj	vurig/adj	weinig/adj	toekomst/noun	tussen/prep	dag/noun	zie_tegemoet/verb	rijs/verb	teken/noun	verg/verb	zijn/det	renner/noun	bevat/verb	rumoer/noun	solidariteit/noun	benzine/noun	druk_in/verb	beetje/noun	staar/verb	een/det	gloor/verb	veel/adj	put/verb	herstel/noun	gezeur/noun	vertrouwen/noun	koers_stijging/noun	zet/verb	geluk/noun	meer/det	waai_over/verb	besta/verb	inspireer/adj	ondanks/prep	ellende/noun
troost/noun	0.0	0.92326146	0.7735592	0.8641853	0.8564503	0.7364072	0.8259808	0.8488422	0.8910363	0.8930477	0.8249924	0.8473075	0.7515632	0.9274411	0.86513567	0.86721766	0.86221886	0.87650937	0.90913606	0.83563256	0.7617041	0.7934946	0.70979846	0.75497216	0.8428637	0.8021078	0.73338634	0.88039273	0.8291553	0.90204734	0.8973072	0.7446092	0.7640871	0.89602673	0.9076002	0.8487029	0.8832442	0.77542764	0.83847725	0.80179757	0.87892693	0.880651	0.8722172	0.85023195	0.756009	0.78314626	0.8744682	0.8161063	0.8595654	0.8062904	0.85066766	0.8246715	0.6794543	0.8688947	0.8685409	0.717883	0.8704314	0.5865807	0.8491472	0.8608715	0.8266008	0.90228003	0.8377117	0.8140867	0.82051265	0.8532509	0.81171554	0.781584	0.8765421	0.90064996	0.75101846	0.8629832	0.8879509	0.7879376	0.78857994	0.89876866	0.8457161	0.9150461	0.90377104	0.7840574	0.8959325	0.86302197	0.8864238	0.85255843	0.7588889	0.9210085	0.91697913	0.859355	0.86305714	0.86551166	0.8626582	0.8197072	0.77000463	0.86821043	0.68022704	0.8011001	0.89591545	0.75787455	0.8790361	0.82982653	0.87856823	0.71947396	0.79423565	0.803866	0.87049264	0.77306527	0.8315971	0.87778914	0.8119597	0.8264485	0.8963918	0.905624	0.85935	0.83185476	0.887586	0.7905704	0.7890904	0.7026789	0.81273186	0.8885457	0.8431377	0.8640815	0.9292424	0.80533475	0.81447494	0.8007453	0.8636451	0.88129455	0.8087099	0.6492119	0.7854727	0.84306014	0.72446597	0.8262842	0.8331839	0.8640995	0.8473209	0.8245614	0.80424726	0.8653523	0.92426217	0.7951273	0.84092355	0.8213723	0.8956466	0.8450534	0.78255665	0.71987045	0.76007867	0.8588201	0.7628326	0.8117245	0.8661701	0.8614596	0.9122335	0.84996665	0.8557851	0.7970275	0.8663589	0.7677092	0.8862406	0.81999433	0.85227525	0.7797773	0.8964348	0.8742541	0.76069784	0.80532396	0.79011565	0.82264924	0.7930888	0.7205204	0.8871008	0.8325624	0.80030775	0.8986056	0.9106424	0.6852621	0.8342999	0.8799079	0.8180526	0.75164306	0.8219541	0.75551254
loot/noun	0.92326146	0.0	0.9351615	0.7073909	0.8077722	0.91070616	0.89304376	0.8794575	0.83995414	0.89141035	0.8607861	0.90934706	0.9182725	0.9177326	0.8794113	0.8639187	0.9150834	0.8440163	0.9062464	0.832978	0.88235366	0.90166086	0.908836	0.8917326	0.940363	0.91423774	0.87454313	0.9028521	0.93062246	0.86380076	0.8498455	0.8815874	0.8608733	0.7891081	0.8052182	0.9001611	0.8452172	0.90181917	0.8604309	0.90523386	0.9329732	0.88701713	0.7626004	0.8912775	0.79490674	0.8596753	0.8811321	0.8114689	0.89846486	0.8992998	0.9270878	0.9348535	0.92147774	0.85150814	0.8791102	0.81033945	0.92640316	0.93129134	0.887433	0.908403	0.8805228	0.9123579	0.91683435	0.8999212	0.9070426	0.8414158	0.88689166	0.9102283	0.92604196	0.87927926	0.9345774	0.92365634	0.88171893	0.8879199	0.8491299	0.90941143	0.82566255	0.9195063	0.921493	0.88794994	0.8926735	0.9151975	0.87545276	0.9230441	0.86502326	0.85133916	0.8871826	0.8957714	0.9098441	0.86366475	0.83557945	0.8895325	0.93529284	0.91411114	0.9211672	0.8893754	0.74130976	0.9095509	0.7508019	0.8974527	0.93656874	0.9122687	0.8609078	0.90013796	0.7920979	0.9090475	0.8696821	0.8238514	0.9128161	0.8445219	0.7844486	0.8774719	0.8991395	0.8766603	0.92917925	0.8538896	0.9045861	0.8975636	0.8688646	0.8971777	0.8938453	0.89864993	0.8887975	0.89407784	0.9082384	0.758311	0.8477042	0.8787489	0.87991804	0.93487394	0.90302753	0.916564	0.9137464	0.89386666	0.9137194	0.8700594	0.8267645	0.8125419	0.9303945	0.90211034	0.85711926	0.9057093	0.8482731	0.90657973	0.9267663	0.85642	0.89308363	0.92545533	0.8699566	0.8309182	0.9082448	0.89096886	0.91393554	0.83617556	0.7725146	0.8503965	0.8876455	0.92498565	0.82826734	0.9087537	0.7820517	0.77982223	0.89903516	0.915749	0.7885688	0.8766086	0.923016	0.90380335	0.8117466	0.89420706	0.8741398	0.8767676	0.91839665	0.9196908	0.926613	0.8443658	0.92828035	0.9267081	0.7637919	0.9021104	0.8286252	0.9015782	0.9056458	0.9095638
droom/noun	0.7735592	0.9351615	0.0	0.9259859	0.91777486	0.8112985	0.8448561	0.88741887	0.8872295	0.9083952	0.8733994	0.91110855	0.81982565	0.9094039	0.8260602	0.89444095	0.8722823	0.9013104	0.926097	0.86034894	0.84728336	0.77842355	0.8043439	0.8782847	0.84557366	0.8459482	0.83844066	0.8672426	0.8466528	0.90436095	0.9276869	0.82836187	0.8642466	0.92292094	0.8941635	0.81744915	0.9195929	0.79763556	0.9182304	0.8195175	0.86993384	0.87306535	0.9158102	0.8849116	0.864663	0.76323843	0.88770735	0.8749941	0.8750778	0.8405366	0.86023474	0.82428336	0.74945265	0.92692566	0.8564438	0.80800396	0.89933807	0.6334846	0.8768464	0.84261733	0.7727633	0.92001873	0.8328674	0.81810147	0.8673804	0.87382764	0.866195	0.8744634	0.89361244	0.9058764	0.75283074	0.9023686	0.8942604	0.8146796	0.86134696	0.9090941	0.8909057	0.9273681	0.90300506	0.8667846	0.9428257	0.8802459	0.93781185	0.89493114	0.8095273	0.9488561	0.9204089	0.82509774	0.91040945	0.8698719	0.89213246	0.87351817	0.8368519	0.87634856	0.76845354	0.85614455	0.94744754	0.7521043	0.9273716	0.8298116	0.9105347	0.753358	0.8092146	0.83939576	0.9112489	0.79555947	0.8392533	0.8993131	0.8252431	0.9129495	0.9521425	0.8880489	0.8495736	0.8707013	0.898242	0.82398087	0.8523166	0.60651577	0.8577589	0.9164735	0.85305333	0.87564826	0.9212157	0.7983425	0.882848	0.8399386	0.84712327	0.81504697	0.8089104	0.7430053	0.8510512	0.785195	0.7838564	0.8475847	0.8366575	0.8766175	0.8922619	0.87654674	0.8912682	0.81959534	0.9335679	0.8626987	0.87388074	0.8074892	0.91885144	0.9173053	0.8721037	0.7369094	0.8006704	0.87609583	0.78116417	0.8483421	0.8436521	0.8725617	0.8956308	0.89748347	0.90879494	0.8569166	0.91926765	0.7957777	0.8886971	0.8963804	0.8806114	0.836121	0.94624215	0.88026094	0.79697716	0.8293893	0.8211869	0.8236299	0.83370334	0.8363561	0.9078112	0.84396404	0.8741231	0.9154072	0.92575806	0.7646089	0.91628236	0.89823294	0.8601773	0.7988157	0.8776956	0.8036284
belangstellende/noun	0.8641853	0.7073909	0.9259859	0.0	0.8346065	0.89661884	0.8844369	0.866465	0.81848526	0.87333	0.8323331	0.8430094	0.89392155	0.9165569	0.88150704	0.79363847	0.87533134	0.87420744	0.8732013	0.66700417	0.8574591	0.90710163	0.8802998	0.8434577	0.90966684	0.88836473	0.8456819	0.8957665	0.88646644	0.8358299	0.8614854	0.8569101	0.8436226	0.8119271	0.77771467	0.8434554	0.829984	0.86373913	0.8175932	0.843015	0.91387063	0.828652	0.766728	0.8807467	0.7868229	0.83456594	0.80682725	0.76780605	0.8642765	0.8780962	0.88576275	0.933879	0.859457	0.7834571	0.8856224	0.75781554	0.8734193	0.9135004	0.8513908	0.81277287	0.8708627	0.8769136	0.8820637	0.8778352	0.8494165	0.8141256	0.8823743	0.8461363	0.8684773	0.8648958	0.88397616	0.8812665	0.812832	0.8388047	0.81486845	0.8914524	0.817843	0.8512223	0.90712285	0.8564644	0.8721354	0.8973181	0.8344152	0.87116253	0.8315611	0.8569316	0.83532536	0.830036	0.87117183	0.84780777	0.8380677	0.8829812	0.9156996	0.9101356	0.87390786	0.8487848	0.7458549	0.87298405	0.79788196	0.87384444	0.91480386	0.9131607	0.86064065	0.8770029	0.81064606	0.85854906	0.8245579	0.8033278	0.8331927	0.7622597	0.83573306	0.8520136	0.83671784	0.84683824	0.9122315	0.8160697	0.853084	0.87933373	0.82286143	0.80776376	0.8683054	0.8624639	0.758466	0.87479025	0.86218965	0.6329602	0.7581998	0.8606056	0.80051714	0.8801421	0.89287716	0.8927404	0.86605775	0.8706932	0.895572	0.82234824	0.74995756	0.7641739	0.8531936	0.8799696	0.84471536	0.866009	0.78488904	0.86015624	0.90677017	0.72974944	0.8257969	0.9050923	0.7953122	0.82869285	0.8518559	0.8609523	0.91588306	0.80158764	0.7199724	0.82398134	0.8510077	0.89420724	0.78981155	0.8625898	0.7688154	0.7613604	0.7924252	0.89152956	0.83389854	0.85228014	0.905758	0.8356889	0.756099	0.86494356	0.85391366	0.83600533	0.8890366	0.8699339	0.8919207	0.8342851	0.8850431	0.9098122	0.7257609	0.88427687	0.82360184	0.83651924	0.86052495	0.8694622
geld/noun	0.8564503	0.8077722	0.91777486	0.8346065	0.0	0.819941	0.8773156	0.8639537	0.8177277	0.8862586	0.82218254	0.8525782	0.89537776	0.91807723	0.8222775	0.8783108	0.9201108	0.8439761	0.87376523	0.86843777	0.8664137	0.89807105	0.9098684	0.8263547	0.8927318	0.8598162	0.84779036	0.87234175	0.88296	0.88053226	0.87329227	0.8754029	0.7059964	0.83109397	0.8677254	0.901179	0.8554977	0.89080626	0.7973661	0.8518796	0.8869769	0.8654081	0.811863	0.92055446	0.7967904	0.79608166	0.84344447	0.7785469	0.8982184	0.8979299	0.8527697	0.88785017	0.89599407	0.8047972	0.7212306	0.80453956	0.92525154	0.8697415	0.8548888	0.8320493	0.8341185	0.9113386	0.8670087	0.8562241	0.8370358	0.7523383	0.80505365	0.87452275	0.84554005	0.9294906	0.8584337	0.8889257	0.89943236	0.8690639	0.7391852	0.9673799	0.8719109	0.93439984	0.94026047	0.74457264	0.80625933	0.8889092	0.84235716	0.93717265	0.83024204	0.7614051	0.9135074	0.84092784	0.85703933	0.78857154	0.8949055	0.88436455	0.9111503	0.8433238	0.87787926	0.86615455	0.6516087	0.87699527	0.71639526	0.87565327	0.9191301	0.90084827	0.8344736	0.9148621	0.6782296	0.9365561	0.7697396	0.89397246	0.9328699	0.80047214	0.769605	0.8997701	0.8908035	0.845969	0.92238563	0.92681086	0.7610072	0.89317155	0.7778379	0.8977053	0.69299066	0.87745523	0.91611403	0.84851646	0.87843573	0.78799474	0.8919536	0.8968426	0.8728079	0.85200024	0.8815565	0.8640667	0.8611649	0.79090565	0.8941311	0.8204307	0.8413223	0.7411077	0.9306287	0.89588535	0.84868455	0.8461762	0.8534121	0.81661046	0.91142386	0.8322316	0.7826637	0.8838747	0.73928344	0.7883843	0.9096779	0.79789233	0.8794446	0.928744	0.91638863	0.87734586	0.88745856	0.9126799	0.79548264	0.8653904	0.8980546	0.8395239	0.8502901	0.8569479	0.73219013	0.8798728	0.88847554	0.9183905	0.82508564	0.9017164	0.7640595	0.8506092	0.8830076	0.8146989	0.7740755	0.8771485	0.89922315	0.8331029	0.6821251	0.918607	0.8526312	0.90015876	0.91941303	0.79860055
bevrediging/noun	0.7364072	0.91070616	0.8112985	0.89661884	0.819941	0.0	0.8364353	0.8552334	0.89817894	0.9089257	0.8908225	0.8406592	0.78303075	0.87348765	0.8361999	0.88046736	0.87118125	0.86416566	0.8759149	0.86557716	0.7810073	0.84701014	0.7641367	0.8307992	0.8639962	0.8435839	0.79486334	0.9147454	0.8391584	0.9328862	0.8405253	0.80231416	0.7760216	0.8986934	0.9053292	0.8552221	0.887606	0.788432	0.86868966	0.8047006	0.87239105	0.93612766	0.91119564	0.92569834	0.8659488	0.804598	0.8998105	0.8278698	0.9230447	0.862217	0.8234319	0.8381478	0.76801264	0.8793466	0.84861565	0.80519605	0.9097312	0.7158835	0.8597437	0.8562723	0.79509616	0.92051905	0.87121737	0.7932747	0.81485677	0.83524543	0.8229374	0.7899718	0.9165361	0.9286866	0.8220184	0.8100861	0.91885346	0.8885136	0.84147984	0.9474509	0.89312613	0.940154	0.92602813	0.78371406	0.822586	0.8273516	0.87717056	0.88350445	0.76411235	0.89834857	0.9375821	0.87211484	0.8951678	0.86920357	0.8707137	0.8194679	0.8693914	0.8428046	0.76829034	0.8892573	0.881857	0.8205547	0.913502	0.87479943	0.8955855	0.8105395	0.79835045	0.85796493	0.8428278	0.86401236	0.80823976	0.87958074	0.88782406	0.8183424	0.8622267	0.9226577	0.8928253	0.8040117	0.86426735	0.9027898	0.8116889	0.77794236	0.80011773	0.92123055	0.8498887	0.85919344	0.9222652	0.8542431	0.8437364	0.77369875	0.8907721	0.8888071	0.84771574	0.75547814	0.8513399	0.84658396	0.8319901	0.82409924	0.8794429	0.82886386	0.8423454	0.83771634	0.90958023	0.8664023	0.9129938	0.8393907	0.88501173	0.77634054	0.9125535	0.8370724	0.77245414	0.7568866	0.775249	0.8926634	0.83129543	0.8168435	0.8544126	0.8886082	0.92213464	0.8916381	0.87377703	0.8172363	0.81696236	0.8368733	0.9035174	0.854116	0.84671474	0.7828792	0.8769628	0.8670039	0.825326	0.88671756	0.83715916	0.8920386	0.7886304	0.8256066	0.85054904	0.8191824	0.80476785	0.892385	0.93609065	0.76364917	0.8163604	0.89797413	0.81808424	0.8058174	0.86140126	0.7617021
reëel/adj	0.8259808	0.89304376	0.8448561	0.8844369	0.8773156	0.8364353	0.0	0.80409944	0.8146974	0.8984928	0.8492119	0.83155876	0.81331706	0.8499392	0.8940662	0.8855272	0.8348211	0.8605927	0.86819893	0.87917435	0.7995751	0.7474965	0.81327206	0.8462564	0.8685993	0.86476254	0.7442181	0.92567664	0.8982201	0.8996744	0.80893946	0.802222	0.79723066	0.86152923	0.8964906	0.82508314	0.8325861	0.72701025	0.8583233	0.7622175	0.88525957	0.8998581	0.8432027	0.86666584	0.9086987	0.6864151	0.92838025	0.71936035	0.88723683	0.841385	0.79862505	0.77322865	0.83872926	0.83407605	0.8930615	0.81798357	0.8804475	0.85281485	0.7286633	0.8807984	0.8802996	0.8473431	0.8701093	0.70608675	0.875617	0.9029457	0.69971454	0.7075286	0.9446587	0.91323	0.8831094	0.7626244	0.8842165	0.9209322	0.84539086	0.9477032	0.87069094	0.9143495	0.9027728	0.72320706	0.7182423	0.82305753	0.81961447	0.8363836	0.8008138	0.67533326	0.92227525	0.86727816	0.8663483	0.704234	0.75044334	0.6593721	0.85317016	0.89744425	0.8638075	0.83876526	0.86722654	0.82212645	0.9122829	0.6743846	0.89096034	0.82628155	0.77733797	0.816863	0.8614851	0.8203277	0.8985931	0.86931115	0.8978834	0.7150846	0.79344267	0.84069383	0.8805305	0.77005994	0.7847425	0.9224738	0.8731612	0.7868639	0.8065775	0.9255023	0.90882164	0.892116	0.85285634	0.7585528	0.82184243	0.85048723	0.88237107	0.73204803	0.8287732	0.8668804	0.8674872	0.90210485	0.88840353	0.8833452	0.77298707	0.86462176	0.7793826	0.7338135	0.9078125	0.7858046	0.7991205	0.77605563	0.74015	0.85109544	0.9131911	0.8344843	0.79591626	0.78495276	0.78498274	0.8753377	0.8441983	0.73776054	0.787338	0.8437618	0.93555856	0.7805613	0.8050362	0.7653286	0.79380393	0.87479126	0.9184411	0.8658385	0.8589741	0.7687926	0.8534743	0.81691647	0.8878446	0.91427404	0.7584517	0.80720514	0.78146446	0.85340875	0.7088668	0.86270285	0.8124949	0.7893934	0.93908626	0.87267387	0.73863435	0.85754186	0.7120991	0.80791754	0.71549934	0.82418036
blijk/verb	0.8488422	0.8794575	0.88741887	0.866465	0.8639537	0.8552334	0.80409944	0.0	0.8227382	0.89967906	0.88219106	0.83177876	0.8355217	0.9153726	0.8458228	0.78857905	0.841846	0.83013415	0.8303859	0.9003032	0.8122677	0.63956916	0.8737401	0.825827	0.88508594	0.8487432	0.8235725	0.9182799	0.78559196	0.9208852	0.7904707	0.82363117	0.7901013	0.84466237	0.8175213	0.8905814	0.89553607	0.79446644	0.84679466	0.8550632	0.88202715	0.9366307	0.84977263	0.84932625	0.9018653	0.7542012	0.9110595	0.8113415	0.8765339	0.8524157	0.8368414	0.9105078	0.8680493	0.82114893	0.88618946	0.8564217	0.88504624	0.88626856	0.8481799	0.8631349	0.84241927	0.8916245	0.83968383	0.8438047	0.86260355	0.8673719	0.7758641	0.8233362	0.90509695	0.85634613	0.87359536	0.8394468	0.8826416	0.88855237	0.8499536	0.9485197	0.8714212	0.9058301	0.9094456	0.7881562	0.8654635	0.8686147	0.8387585	0.8328873	0.80340606	0.8633951	0.9202753	0.8402458	0.84845704	0.88105977	0.80738527	0.76785	0.8916306	0.8098041	0.8706776	0.86119837	0.8633505	0.81201047	0.90612954	0.81724966	0.9151122	0.8290261	0.61491054	0.8038569	0.77824795	0.8378824	0.87016153	0.8506519	0.8670001	0.8204859	0.7926929	0.8631192	0.8739998	0.8220568	0.8852405	0.8566782	0.8810921	0.845979	0.7749794	0.88145405	0.89984035	0.8510364	0.9146797	0.83869433	0.8543087	0.83520925	0.892132	0.8340939	0.8691406	0.8913968	0.83694255	0.88675785	0.86692	0.85926545	0.83798826	0.87051827	0.8054044	0.83851385	0.8748783	0.82682633	0.8790331	0.82886654	0.8223572	0.8364057	0.9010089	0.8106313	0.8069906	0.8770778	0.8396367	0.8105321	0.8662989	0.7866493	0.89974093	0.9007515	0.9016979	0.82859015	0.7593936	0.83769786	0.7777685	0.8541119	0.8792258	0.7380367	0.84486	0.8863464	0.8670533	0.82526153	0.87248844	0.88912416	0.7343662	0.8523553	0.77601314	0.7562741	0.84784544	0.8595407	0.8446418	0.8300354	0.93797374	0.86427796	0.8198711	0.86561835	0.7503582	0.8377765	0.7869446	0.86294323
loop_mis/verb	0.8910363	0.83995414	0.8872295	0.81848526	0.8177277	0.89817894	0.8146974	0.8227382	0.0	0.9028338	0.76696783	0.8655289	0.89684474	0.92216754	0.85400546	0.87206423	0.8570392	0.86742395	0.8903106	0.85795677	0.8540792	0.82201374	0.89770496	0.8431375	0.8974341	0.88603795	0.86365974	0.9186309	0.8731949	0.81548095	0.88880324	0.89135545	0.8442743	0.88614374	0.8035248	0.9070898	0.8720298	0.8779622	0.7069821	0.85584617	0.91332805	0.85784066	0.7802572	0.6938493	0.8134249	0.7957775	0.8886554	0.8388928	0.8737317	0.83677983	0.8630746	0.9274991	0.8998876	0.76191163	0.90485716	0.8461482	0.92152536	0.9262253	0.86700374	0.879149	0.8566029	0.9150961	0.8428356	0.895475	0.881756	0.8703799	0.8288311	0.87117475	0.89082897	0.84270954	0.87895274	0.87696064	0.85716295	0.90097356	0.7959412	0.9301351	0.8291567	0.8203065	0.875112	0.85524976	0.8652514	0.8792353	0.8537155	0.8949687	0.87743795	0.7903249	0.89009714	0.8365102	0.9029245	0.8249915	0.82832295	0.825977	0.8866702	0.80985725	0.8804134	0.8494753	0.74601865	0.87069255	0.8221306	0.852403	0.8863799	0.88305813	0.8377599	0.8701784	0.9197564	0.8796456	0.8695214	0.8275105	0.87034774	0.8349785	0.8516673	0.88100666	0.8856838	0.8766061	0.8797099	0.8522585	0.8785629	0.8775333	0.80629635	0.86576885	0.8669319	0.8867411	0.87423056	0.76745343	0.82968307	0.81639284	0.88080806	0.86143476	0.82733	0.92488235	0.8405661	0.90244716	0.89289933	0.88401014	0.8673713	0.89596367	0.8569186	0.742339	0.8820585	0.86036986	0.8172151	0.83145344	0.783926	0.9047923	0.85603034	0.87949365	0.8982635	0.9190172	0.8367873	0.8841476	0.8784241	0.8627885	0.8891209	0.8447911	0.8798025	0.7495148	0.82889426	0.9125197	0.7890038	0.88008565	0.88389194	0.8769887	0.86782384	0.9107309	0.8585655	0.8719675	0.86390173	0.91603297	0.81856143	0.80767983	0.86498874	0.87647617	0.88420534	0.8677063	0.8708825	0.8205925	0.90350306	0.8557299	0.7903806	0.88649917	0.86671305	0.8835085	0.83300483	0.8687329
stang/noun	0.8930477	0.89141035	0.9083952	0.87333	0.8862586	0.9089257	0.8984928	0.89967906	0.9028338	0.0	0.8869461	0.8867715	0.8770372	0.90991926	0.86445343	0.8707744	0.8774202	0.84993255	0.91702855	0.88577324	0.8987819	0.83979094	0.90383816	0.8478229	0.8958171	0.874946	0.87061274	0.8207402	0.8661772	0.93150246	0.91460824	0.8877666	0.85304767	0.80163944	0.8902401	0.8156307	0.91146076	0.86246866	0.85630405	0.8683641	0.9143047	0.9025153	0.8795497	0.8797575	0.8780657	0.81249213	0.85022074	0.8578862	0.83873254	0.8988892	0.8940093	0.9119901	0.86091924	0.8712296	0.9024376	0.7885788	0.916753	0.9123393	0.8842114	0.8189373	0.831942	0.88897663	0.9318321	0.87523836	0.8582684	0.8030943	0.89121777	0.88202584	0.77171576	0.91391265	0.83001435	0.8976	0.87286174	0.88670164	0.82154304	0.9143102	0.8516411	0.9346615	0.9473313	0.88228905	0.9221106	0.9316629	0.8611425	0.9012724	0.83084625	0.8964122	0.9034084	0.812127	0.9028184	0.8616886	0.88893116	0.88128567	0.910146	0.8810709	0.8927533	0.87864316	0.91630447	0.8676028	0.8895145	0.8516215	0.8936089	0.880764	0.8647858	0.86029357	0.84888965	0.9062374	0.82392025	0.8125932	0.8755268	0.8906372	0.91043246	0.83794767	0.8319268	0.88476795	0.8911296	0.88576436	0.8803904	0.8799817	0.8706388	0.89534557	0.8591732	0.8492369	0.8782858	0.86347276	0.90662014	0.8542892	0.77412176	0.90914166	0.876338	0.893146	0.88183963	0.8731977	0.8635798	0.8384102	0.9058871	0.91788936	0.8536628	0.89421695	0.9036151	0.85303414	0.88906276	0.8536873	0.8075478	0.90320784	0.88328975	0.8730293	0.919939	0.863567	0.8212239	0.8765439	0.8847229	0.8827603	0.9305345	0.879145	0.9004256	0.90906215	0.8680282	0.9129496	0.8820497	0.8352837	0.8829058	0.8925079	0.8557419	0.8793879	0.8523869	0.8176726	0.8370046	0.7634685	0.81466043	0.8941276	0.8580001	0.8892603	0.91732305	0.83657557	0.88769007	0.88782716	0.857232	0.89742285	0.8795857	0.9023226	0.8670127	0.8991986	0.8855712	0.85984033
in/verb	0.8249924	0.8607861	0.8733994	0.8323331	0.82218254	0.8908225	0.8492119	0.88219106	0.76696783	0.8869461	0.0	0.8496077	0.84274983	0.9235587	0.863217	0.87143964	0.84586966	0.85983586	0.86056453	0.85130405	0.8366091	0.86194634	0.86365134	0.83068645	0.87746423	0.8557294	0.86451316	0.8798304	0.86471546	0.8394842	0.8696799	0.825348	0.8749677	0.84872526	0.88341177	0.8413502	0.8743584	0.87418675	0.8132688	0.8350078	0.9323256	0.8567364	0.82693845	0.84925646	0.8047978	0.8008567	0.8728666	0.8276316	0.8321491	0.83235234	0.87399423	0.8985114	0.85043335	0.79954904	0.90812534	0.7245994	0.88736135	0.87227434	0.8718954	0.87402403	0.86956906	0.92908704	0.8297206	0.87333703	0.8818451	0.8463541	0.85477686	0.8881186	0.86249197	0.85646117	0.84268963	0.9038682	0.681251	0.85310936	0.8721312	0.8570087	0.8355341	0.87239546	0.89886266	0.88487977	0.8842702	0.90203094	0.8847021	0.88723075	0.86375165	0.79220223	0.8373725	0.85046005	0.88132125	0.8635276	0.855572	0.8404392	0.8956096	0.8910738	0.85163707	0.82307863	0.79271483	0.83153766	0.8299178	0.8763066	0.882679	0.88466114	0.8495444	0.85260004	0.8824195	0.8491438	0.86004704	0.8521319	0.86261773	0.8519369	0.8573512	0.85975385	0.8367276	0.87603724	0.93139815	0.86351335	0.8884776	0.8427875	0.87716055	0.85060513	0.8628413	0.8834976	0.8744414	0.8127544	0.8315292	0.85362935	0.83608997	0.90966266	0.7913499	0.87866706	0.86055607	0.89096534	0.86348337	0.8985619	0.88877875	0.8879241	0.8330318	0.8090891	0.8665941	0.85533285	0.87749946	0.84238887	0.8152436	0.9106532	0.8571032	0.90432143	0.892397	0.86904925	0.8197291	0.86277014	0.85105443	0.87667257	0.90963006	0.8522072	0.87688774	0.79416126	0.861728	0.8922289	0.8545219	0.8492003	0.8483644	0.8664274	0.887994	0.8574952	0.8356449	0.8440965	0.8486859	0.8399446	0.8032338	0.85702634	0.86520225	0.8240374	0.8918158	0.86552566	0.8998834	0.8823531	0.8842807	0.8887733	0.8452264	0.8433525	0.8558357	0.86008084	0.89695805	0.8686497
geef/verb	0.8473075	0.90934706	0.91110855	0.8430094	0.8525782	0.8406592	0.83155876	0.83177876	0.8655289	0.8867715	0.8496077	0.0	0.7964433	0.893951	0.8915562	0.85819685	0.86611915	0.8537957	0.77669203	0.9099127	0.8425988	0.8238384	0.85351336	0.7917252	0.8950776	0.87576604	0.85399127	0.9214115	0.80001974	0.8994242	0.84759927	0.7350378	0.80057716	0.88932806	0.920947	0.8829392	0.8096533	0.7695817	0.8418082	0.78889346	0.8916635	0.9432864	0.89640206	0.843799	0.7714986	0.76636505	0.9287721	0.78677225	0.8302376	0.89534295	0.8032974	0.86402756	0.862131	0.46630478	0.9038507	0.7890522	0.8304388	0.8693348	0.87778944	0.8636009	0.87034374	0.86806023	0.7819265	0.7505506	0.85452974	0.87571585	0.67396533	0.74812996	0.8907112	0.90213096	0.8127348	0.86962765	0.9083215	0.9329493	0.7996687	0.95142984	0.86583865	0.92186415	0.9100205	0.7412884	0.84503627	0.89409983	0.89393353	0.7483954	0.80512166	0.8879296	0.90855706	0.86644864	0.8723704	0.8473321	0.8953557	0.7872901	0.88078314	0.83535576	0.8869476	0.83811533	0.8343912	0.8497025	0.841308	0.87758493	0.88527626	0.86850226	0.85063016	0.79509014	0.8524692	0.8812563	0.87349486	0.85779756	0.9197176	0.61190534	0.8555771	0.8970698	0.89397836	0.8475276	0.87678397	0.9253019	0.84299356	0.81732386	0.6738153	0.88961464	0.8916037	0.78708	0.8627467	0.68703324	0.8605391	0.8696324	0.89038205	0.8983475	0.8003044	0.88502854	0.86716545	0.92439914	0.8086667	0.8779573	0.8437282	0.8681724	0.74283314	0.71291566	0.8371086	0.8839245	0.87746334	0.7077956	0.78009695	0.8185587	0.9167495	0.8370208	0.80530554	0.8190155	0.7347598	0.84303844	0.8702584	0.79069614	0.859949	0.9294566	0.92301506	0.8417367	0.830177	0.82469606	0.797524	0.7802824	0.91505295	0.7618839	0.8648724	0.83300763	0.8952312	0.83829236	0.85753256	0.8826916	0.7141339	0.8501819	0.8248756	0.78336775	0.85254085	0.82828784	0.8217988	0.8955896	0.869202	0.8600467	0.769255	0.9371943	0.7983198	0.76627207	0.8188269	0.88680476
druk_uit/verb	0.7515632	0.9182725	0.81982565	0.89392155	0.89537776	0.78303075	0.81331706	0.8355217	0.89684474	0.8770372	0.84274983	0.7964433	0.0	0.9158032	0.8441498	0.8471561	0.8518996	0.84348387	0.8517184	0.8692727	0.85222614	0.780675	0.8194564	0.83836055	0.833975	0.85433877	0.8074107	0.9049628	0.779778	0.9022204	0.88416296	0.7316786	0.78854865	0.8643786	0.9222563	0.8453959	0.8991085	0.72622377	0.8507133	0.8019545	0.9042961	0.94149673	0.8435044	0.87022704	0.8314593	0.757774	0.9057942	0.8283029	0.83926266	0.88900226	0.8437999	0.8511926	0.7445125	0.8748674	0.9180534	0.72222245	0.8586169	0.70719475	0.8171886	0.87188786	0.80919796	0.8541827	0.872314	0.75393593	0.7976768	0.8639606	0.8285545	0.8071528	0.8769619	0.90790623	0.7758621	0.8539878	0.9003102	0.88218576	0.8440406	0.92257035	0.8754903	0.9318159	0.9419607	0.8173203	0.8958412	0.86926514	0.9057292	0.6776298	0.68530345	0.8991881	0.89968896	0.8931985	0.8808242	0.83679825	0.8279457	0.7776357	0.8624258	0.8372086	0.76252025	0.843583	0.85429823	0.749251	0.8702994	0.81493866	0.89638877	0.81784517	0.80323094	0.7555465	0.85092354	0.83486086	0.8448324	0.8796752	0.8350525	0.88014156	0.91019994	0.88617146	0.85653245	0.81033134	0.8441623	0.87537163	0.85834986	0.6911937	0.8094055	0.91979116	0.8839943	0.8288809	0.91490126	0.8039893	0.8843205	0.8387362	0.8771153	0.8777031	0.84463763	0.73850936	0.8178343	0.8682429	0.79407823	0.8482603	0.85083586	0.86845577	0.8314384	0.8383898	0.84464276	0.8547575	0.9174865	0.8212035	0.8400217	0.8535742	0.916376	0.87527776	0.8078922	0.7519027	0.76576114	0.8717463	0.7495132	0.81686807	0.8933945	0.8535135	0.94307417	0.8634143	0.8290492	0.7225401	0.8349843	0.77499443	0.938304	0.81412387	0.8607218	0.78359437	0.899185	0.78222275	0.7815545	0.82182604	0.78668916	0.8504647	0.7803368	0.7906217	0.84020835	0.83448434	0.85461044	0.87121344	0.8945141	0.8308696	0.8607522	0.88079923	0.7923514	0.7964854	0.7935735	0.83289206
vrede_regeling/noun	0.9274411	0.9177326	0.9094039	0.9165569	0.91807723	0.87348765	0.8499392	0.9153726	0.92216754	0.90991926	0.9235587	0.893951	0.9158032	0.0	0.8899871	0.84593165	0.88651854	0.91728574	0.91035825	0.893606	0.801243	0.85671896	0.85731226	0.895206	0.93633556	0.9182574	0.80463964	0.9260453	0.9292612	0.9293281	0.83069456	0.8939118	0.89766765	0.9124681	0.8902836	0.88314414	0.84241664	0.86995494	0.96262777	0.8694771	0.91246885	0.908032	0.93432784	0.9287187	0.9326769	0.84838295	0.88928866	0.8941614	0.89662445	0.84157145	0.9099174	0.54702806	0.87405	0.9057816	0.9384262	0.8644839	0.8738648	0.9253933	0.9092018	0.89840513	0.914429	0.764161	0.84304154	0.8783167	0.90444994	0.9162099	0.8717197	0.8566556	0.9297253	0.92935246	0.93169034	0.771572	0.84429455	0.9500095	0.928957	0.93473893	0.91892344	0.9028219	0.86703783	0.8716694	0.787993	0.85401905	0.90236837	0.8600933	0.9159112	0.8993136	0.8596978	0.89571965	0.9529618	0.8096438	0.9125034	0.81510955	0.87783325	0.9501526	0.916583	0.8501459	0.9420872	0.901864	0.9601268	0.80851734	0.9070789	0.895954	0.87573636	0.8542831	0.91712373	0.89325523	0.91416895	0.8404614	0.9240726	0.88070285	0.8927437	0.915223	0.9210249	0.88688743	0.673704	0.9231647	0.88796663	0.9027722	0.8234677	0.9292897	0.94192684	0.9235562	0.9011081	0.8292734	0.84314895	0.9051163	0.9138522	0.8731884	0.8845679	0.9283083	0.9279691	0.91579926	0.9004802	0.9131447	0.89501774	0.89492905	0.8364357	0.87987465	0.922804	0.8424395	0.791307	0.8944601	0.8347236	0.9058423	0.8960639	0.8255765	0.8936503	0.8440651	0.84066015	0.9195981	0.86374253	0.86389863	0.81026757	0.8172759	0.9318148	0.90627915	0.8814284	0.89733374	0.88042796	0.87731695	0.92543155	0.93406516	0.87572336	0.7658974	0.9314643	0.875603	0.9334012	0.94329405	0.859706	0.87877935	0.903303	0.9188598	0.759285	0.91493326	0.89005446	0.8857352	0.91769326	0.90151936	0.8950371	0.90744644	0.880825	0.8931961	0.8566998	0.8828723
alles/noun	0.86513567	0.8794113	0.8260602	0.88150704	0.8222775	0.8361999	0.8940662	0.8458228	0.85400546	0.86445343	0.863217	0.8915562	0.8441498	0.8899871	0.0	0.8809469	0.870035	0.8872305	0.86774147	0.85997474	0.82030106	0.7480695	0.8552403	0.8634376	0.83977973	0.8061102	0.870878	0.8517531	0.8087409	0.9475096	0.8720396	0.8912458	0.79774463	0.8651209	0.8170136	0.8395774	0.91566986	0.85537726	0.8208818	0.82608926	0.8933429	0.90578127	0.83440924	0.9091536	0.9164217	0.7151499	0.8574823	0.8585347	0.84642315	0.86368597	0.7536888	0.8537246	0.8662829	0.8825813	0.8343904	0.8273886	0.8853327	0.820354	0.9400767	0.8437618	0.606902	0.9006056	0.8767835	0.8369455	0.812698	0.7423125	0.84178084	0.89106214	0.84933186	0.9091932	0.7606776	0.854436	0.9326621	0.8661072	0.77297115	0.94542587	0.89731395	0.8978684	0.9254814	0.8324474	0.90818876	0.9052324	0.90694714	0.9400024	0.8873943	0.8898936	0.9694067	0.70012856	0.86032623	0.83534634	0.88785994	0.8995239	0.8973382	0.7765763	0.8627032	0.8678833	0.9176365	0.8308381	0.88923186	0.91117376	0.88416165	0.7905251	0.72699714	0.8798288	0.81769645	0.8920271	0.75556564	0.8847252	0.8248491	0.92106587	0.87594295	0.8393723	0.7536321	0.8733027	0.8982966	0.9008239	0.8400651	0.8505883	0.7962382	0.8898712	0.8430058	0.75073266	0.90538925	0.8801599	0.8657314	0.78064746	0.8333896	0.9145598	0.8664707	0.8116282	0.8309432	0.803158	0.8769406	0.81080705	0.87216187	0.85785186	0.7240367	0.89520353	0.85801333	0.7954681	0.88557625	0.8393277	0.92090094	0.8833269	0.9045024	0.8736654	0.87565154	0.83057827	0.8212436	0.9125239	0.8687624	0.8000711	0.85757506	0.94400275	0.86730933	0.9329078	0.87120783	0.8748963	0.88283473	0.87538445	0.89270484	0.923885	0.8660205	0.88468117	0.86625254	0.8527652	0.70554566	0.8332503	0.8855373	0.8828408	0.7557427	0.9163448	0.88085616	0.82247746	0.8544678	0.9004377	0.8525677	0.8353433	0.87544155	0.8766858	0.87687314	0.8926796	0.90630484	0.78920305
telefoon_gesprek/noun	0.86721766	0.8639187	0.89444095	0.79363847	0.8783108	0.88046736	0.8855272	0.78857905	0.87206423	0.8707744	0.87143964	0.85819685	0.8471561	0.84593165	0.8809469	0.0	0.8606291	0.8795211	0.8592766	0.8104501	0.8675584	0.8656317	0.86378133	0.86581606	0.9119955	0.85933816	0.82609504	0.9037208	0.8844768	0.852142	0.8173804	0.8386149	0.8578453	0.83732855	0.8475765	0.8641248	0.86707914	0.777309	0.9014083	0.8731146	0.9302673	0.8987195	0.86764526	0.89355636	0.8934129	0.81538606	0.85023916	0.8176928	0.8667695	0.8838018	0.8904077	0.8733994	0.85248697	0.8696257	0.8868327	0.7645339	0.87755567	0.8748746	0.9216706	0.84334445	0.88428056	0.8095833	0.8856462	0.87808996	0.77956903	0.84621453	0.85896194	0.83786297	0.9020175	0.8596636	0.8644934	0.9049694	0.86462903	0.87725097	0.89511764	0.87389976	0.8719411	0.92569226	0.9112406	0.8725255	0.89690375	0.91849923	0.86831176	0.81457806	0.8578945	0.8810688	0.880587	0.88280237	0.9041272	0.844632	0.8914401	0.80334306	0.91558003	0.91207033	0.86139536	0.8367781	0.8636984	0.8376051	0.8869971	0.84818935	0.9208294	0.83109367	0.84860873	0.84049976	0.80642325	0.8499118	0.84161896	0.80343944	0.8587568	0.86241436	0.84078634	0.9330099	0.86708415	0.8503159	0.77553606	0.8462074	0.8380808	0.87523735	0.7668286	0.8765161	0.91201717	0.83439386	0.86933184	0.82754827	0.87706995	0.8434393	0.8731773	0.8833992	0.8213683	0.8672533	0.87783366	0.8481522	0.81941223	0.87169635	0.890854	0.8559598	0.8143499	0.8545537	0.8308218	0.89751655	0.86065817	0.8677062	0.7924409	0.8380243	0.9062301	0.7745001	0.8155937	0.8706276	0.7932096	0.76726586	0.8257369	0.89234304	0.9195787	0.82901704	0.83656394	0.86398757	0.867789	0.8833155	0.87318516	0.75462323	0.8814985	0.80412817	0.8291983	0.8301952	0.8557182	0.8114867	0.9081424	0.86697626	0.7753788	0.8815259	0.8831854	0.8461853	0.8834726	0.86025214	0.8730822	0.87445325	0.9303593	0.90916055	0.8697398	0.8774275	0.8446079	0.84967756	0.8738102	0.85995394
leef_op/verb	0.86221886	0.9150834	0.8722823	0.87533134	0.9201108	0.87118125	0.8348211	0.841846	0.8570392	0.8774202	0.84586966	0.86611915	0.8518996	0.88651854	0.870035	0.8606291	0.0	0.8507682	0.90367526	0.83843124	0.84466827	0.7754165	0.84402514	0.8180623	0.912923	0.8801849	0.8611794	0.8898275	0.8651977	0.8726506	0.88629395	0.84979355	0.7956301	0.87172246	0.83603305	0.8239914	0.86596686	0.84572095	0.8854358	0.8123382	0.8954482	0.8486965	0.8681974	0.7795564	0.864949	0.8037899	0.87756497	0.82165265	0.8518222	0.8125531	0.85579437	0.84706426	0.8216781	0.8376393	0.86554044	0.7581159	0.8314601	0.84090614	0.82960725	0.81336105	0.8932179	0.8732371	0.83418936	0.82835966	0.88517207	0.8391772	0.86241937	0.8347246	0.86961305	0.82365674	0.85035723	0.8324903	0.7908615	0.8582338	0.84338343	0.9164412	0.8841435	0.8790049	0.82423645	0.81202054	0.85114175	0.8616292	0.8606759	0.8765431	0.8103938	0.8425513	0.81825626	0.76372683	0.8870487	0.8335674	0.7470211	0.8426552	0.83095694	0.89849216	0.82864314	0.8200177	0.8947617	0.8311136	0.8873575	0.8283476	0.822515	0.86967045	0.82347476	0.80271524	0.9054119	0.80497533	0.84658164	0.84054375	0.7764429	0.8238929	0.8982699	0.8667339	0.82857597	0.76593065	0.860705	0.82226044	0.86588764	0.8117421	0.8347566	0.8672234	0.8849895	0.8678509	0.85083437	0.79087985	0.79710114	0.8591611	0.82945865	0.83232826	0.8249022	0.83267564	0.84790486	0.8432111	0.8539767	0.873275	0.86087805	0.8993097	0.82790434	0.83216107	0.84076077	0.8175032	0.8586766	0.8640812	0.7710619	0.8853369	0.8383636	0.87423337	0.8764236	0.8584572	0.8235086	0.8858069	0.7750794	0.8287723	0.84625816	0.85566366	0.88062483	0.8350868	0.8280455	0.8304999	0.8834469	0.8242118	0.8653102	0.8845535	0.79308504	0.84403855	0.88658994	0.8088691	0.8577823	0.82574135	0.7985353	0.79042035	0.8201817	0.8353787	0.74538666	0.8703169	0.8586159	0.8001041	0.8701861	0.8393141	0.82347906	0.7923043	0.83573496	0.8293036	0.81656677	0.8234708
injecteer/verb	0.87650937	0.8440163	0.9013104	0.87420744	0.8439761	0.86416566	0.8605927	0.83013415	0.86742395	0.84993255	0.85983586	0.8537957	0.84348387	0.91728574	0.8872305	0.8795211	0.8507682	0.0	0.9019903	0.8710996	0.78809226	0.8503312	0.85985756	0.8744209	0.9052366	0.86898506	0.857484	0.90409917	0.8667274	0.8640348	0.8206097	0.8625285	0.8081134	0.7781668	0.881996	0.8672648	0.839621	0.84427863	0.8753877	0.837779	0.8947767	0.90959066	0.8316829	0.8660589	0.8333517	0.82113516	0.8447215	0.8108337	0.8536823	0.8839523	0.8893723	0.90067565	0.8466327	0.84501946	0.8973388	0.7562605	0.8898091	0.8648815	0.8701504	0.8768866	0.88262683	0.93941444	0.89120644	0.8222021	0.8698574	0.8435048	0.8564565	0.8713869	0.8473516	0.89880264	0.85670274	0.8630818	0.8678972	0.8790442	0.8178717	0.91706216	0.83579886	0.922649	0.93267447	0.85162127	0.8712915	0.8229706	0.87266815	0.9130786	0.7855403	0.86104745	0.9024909	0.8773911	0.8720505	0.8440252	0.84956706	0.84408724	0.9167419	0.8923114	0.9117999	0.86320496	0.8320548	0.89186776	0.7851757	0.8791875	0.92075735	0.8696097	0.8494096	0.8654101	0.76927394	0.8668119	0.85590315	0.84154546	0.89218706	0.84271777	0.7296989	0.8705628	0.8760429	0.8390024	0.8872942	0.81060356	0.87987334	0.8417494	0.853456	0.8746661	0.9039652	0.8538017	0.8686483	0.85878193	0.8838944	0.8059267	0.868961	0.9120185	0.86172056	0.8759984	0.9023392	0.8891437	0.8505089	0.8515997	0.8798661	0.90684223	0.8162546	0.83252037	0.8952173	0.8837199	0.8624239	0.8256139	0.8283136	0.8784811	0.92642874	0.8394176	0.7997438	0.8668427	0.7954823	0.8553025	0.8821584	0.87417173	0.9097258	0.8711742	0.87329835	0.87046707	0.866511	0.8716656	0.7813101	0.8561518	0.8779353	0.7381485	0.87639046	0.85801226	0.8222414	0.84959745	0.8777228	0.8361727	0.7894489	0.8777572	0.82949215	0.8331049	0.869737	0.87253493	0.89456123	0.88358057	0.87870705	0.8965062	0.8047029	0.8564327	0.82972825	0.88171756	0.8822137	0.8597189
stel/verb	0.90913606	0.9062464	0.926097	0.8732013	0.87376523	0.8759149	0.86819893	0.8303859	0.8903106	0.91702855	0.86056453	0.77669203	0.8517184	0.91035825	0.86774147	0.8592766	0.90367526	0.9019903	0.0	0.92740154	0.9047432	0.8571856	0.8982434	0.85826147	0.93079215	0.8616884	0.8622414	0.9485479	0.9061718	0.8436103	0.83303016	0.86643064	0.8865508	0.9247935	0.92549396	0.9242166	0.8580688	0.8457826	0.9269681	0.8426473	0.9080177	0.9397408	0.92007923	0.92132163	0.8511645	0.8632339	0.9505487	0.861765	0.81549716	0.9206846	0.8666398	0.88537955	0.9148926	0.81471324	0.9555782	0.8262378	0.7967864	0.9363371	0.904316	0.922117	0.9071242	0.8277909	0.85596514	0.8396999	0.891288	0.9151063	0.84492713	0.85339546	0.9393865	0.95901394	0.9188177	0.8926469	0.92931354	0.946563	0.9245405	0.904298	0.90547365	0.9421164	0.9583279	0.857488	0.8584154	0.88844436	0.88843864	0.72125405	0.8846497	0.8986437	0.8929744	0.9178904	0.9110613	0.8518841	0.9363658	0.76091826	0.94184095	0.8836272	0.92039394	0.8352817	0.869234	0.8611646	0.91122866	0.84317124	0.926064	0.8775114	0.81566435	0.8236157	0.87926674	0.9190993	0.9117249	0.8489713	0.94479346	0.8463614	0.8493625	0.8884032	0.9224225	0.8908886	0.86477107	0.95996433	0.86204886	0.8559957	0.79065585	0.90993345	0.92034096	0.8309542	0.91712517	0.7834857	0.8593019	0.90610516	0.9318708	0.8678924	0.8126971	0.93527967	0.9357321	0.9252385	0.8886686	0.92552704	0.86313134	0.92533666	0.7996741	0.80170274	0.8520006	0.8563735	0.88755625	0.86299634	0.7752189	0.9032705	0.9213374	0.8475723	0.8425847	0.8490041	0.8321221	0.89281917	0.87805104	0.8802323	0.9016458	0.91151845	0.9437195	0.8132237	0.8137219	0.90351284	0.8822131	0.8659701	0.92942643	0.90668494	0.8926674	0.8354627	0.9196997	0.87141174	0.91795	0.9197592	0.87181497	0.9011579	0.90349054	0.873036	0.87277305	0.8911119	0.84551656	0.9070881	0.86092234	0.9236799	0.8748371	0.94790184	0.8779391	0.87801605	0.89023674	0.9246418
