	gehandicapt/adj	opticien/noun	en/comp	alleen/adj	carrière/noun	dan/adv	ver/adj	Rineke/name	aanschaf/noun	C2/name	Amerikaan/noun	wel/adv	weg/noun	maar/adv	probleem/noun	trouwens/adv	ook/adv	op/adj	weduwe/noun	systeem/noun	of/comp	om/comp	zelfs/adv	uit/prep	ouder/noun	ginds/adj	niets/noun	vriend/noun	zogezegd/adj	daaraan/pp	elkaar/pron	juist/adj	te/comp	fiets/noun	zij/pron	god/noun	zo/adv	Sparta/name	cursist/noun	jongen/noun	computer/noun	lezer/noun	Europa/name	bouw/noun	je/pron	snel/adj	imago/noun	iemand/noun	broer/noun	buur/noun	mede/adv	markt_economie/noun	vakantieganger/noun	gemeente_bestuur/noun	het/noun	dokter/noun	ze/pron	weinig/det	niet/adv	wijze/noun	regeringstroepen/noun	weer/adv	werkloos/adj	valk/noun	vrouw/noun	bovendien/adv	daarmee/pp	bij/prep	aan/prep	maatregel/noun	drugsverslaafd/adj	graag/adj	1-1_gelijkspel/noun	familie_lid/noun	als/comp	ons/noun	honderdduizenden/noun	buitenlander/noun	door/comp	toch/adv	dus/adv	het/det	niemand/pron	echt/adj	stage/noun	soms/adv	democratie/noun	familie/noun	wereld/noun	haar/pron	hulp/noun	af/adv	met/prep	Amerika/name	creativiteit/noun	tijdelijk/adj	vader/noun	dame/noun	door/prep	mens/noun	klant/noun	overeind/adv	Kosovo/name	misschien/adv	vooruit/adv	ik/pron	oog_arts/noun	tegen/prep	huis_bezitter/noun	al/comp	therapeut/noun	dat/det	allochtoon/noun	u/pron	mij/pron	natuurlijk/adj	zoon/noun	hen/pron	ervaring/noun	hij/pron	kopman/noun	we/pron	bovenop/prep	partner/noun	even/adj	me/pron	ons/pron	gelukkig/adj	uitstekend/adj	tussenstap/noun	amateur_club/noun	persoon/noun	zeker/adj	mee/adv	boer/noun	beetje/noun	gemeente/noun	niks/noun	veel/adj	mezelf/pron	daarbij/pp	tekort/noun	handjevol/noun	index/noun	zichzelf/pron	Ambiorix/name	IBA/name	hem/pron	chauffeur/noun	president/noun	of/vg
gehandicapt/adj	0.0	0.8995453	0.9226879	0.8065569	0.9171625	0.9234808	0.8866704	0.920394	0.8707256	0.94203424	0.8892086	0.9246332	0.8951399	0.9085671	0.7699446	0.868171	0.80427873	0.89795864	0.7731657	0.8217038	0.8986171	0.7999758	0.8419172	0.8454128	0.615506	0.854027	0.9530405	0.81794643	0.7923893	0.8775447	0.8765471	0.8770119	0.8176057	0.8173073	0.74593586	0.89483124	0.9036608	0.9207989	0.73285294	0.75634444	0.8434474	0.874942	0.8973749	0.8524753	0.87267226	0.89441156	0.8885777	0.8333576	0.82936275	0.8136687	0.86651766	0.87480336	0.7858031	0.8251567	0.940007	0.7974658	0.8049123	0.86164606	0.89511245	0.8455379	0.91709083	0.9101667	0.6413854	0.9169291	0.67153925	0.7464565	0.8867194	0.80886436	0.8240555	0.8577133	0.6699022	0.8625982	0.9557859	0.67323554	0.86648107	0.86824024	0.81590956	0.7592358	0.81267947	0.91058815	0.87484574	0.8747028	0.91508377	0.8998024	0.81831247	0.8335862	0.8731564	0.78093624	0.88853	0.82060254	0.716028	0.90863305	0.8269746	0.904252	0.8426058	0.73563755	0.75529724	0.8170379	0.7931926	0.6903207	0.807451	0.8738749	0.90310216	0.91626304	0.91221917	0.8978861	0.82805085	0.8997517	0.84831035	0.90889657	0.73551023	0.9068501	0.65182024	0.89950883	0.9004845	0.9032725	0.8018399	0.74936634	0.8550514	0.8668268	0.8935684	0.8564744	0.8337748	0.82074225	0.922344	0.8945839	0.8676445	0.871056	0.8560383	0.8989186	0.88257533	0.6954868	0.9119563	0.8468841	0.8012967	0.92379946	0.7690934	0.9447347	0.84338164	0.90729606	0.8172971	0.80581236	0.8411001	0.9303823	0.8520354	0.93052906	0.9178628	0.8673378	0.8282079	0.945754	0.71478754
opticien/noun	0.8995453	0.0	0.887053	0.8319713	0.90807486	0.8857089	0.89801115	0.91142476	0.8617488	0.917659	0.87617075	0.88898903	0.9213119	0.8801186	0.8790605	0.83783036	0.8400109	0.9116004	0.864474	0.86808956	0.8798094	0.830629	0.88003314	0.88159317	0.8410655	0.8705208	0.8990845	0.852849	0.8428828	0.89542556	0.88833106	0.8545129	0.8218099	0.86598694	0.7745509	0.9175317	0.8725813	0.91933036	0.8359838	0.8763491	0.83916783	0.8354635	0.8899155	0.9315969	0.8475573	0.87044764	0.88522047	0.8293155	0.85218376	0.8533905	0.87974477	0.8755284	0.80294573	0.8443099	0.8894982	0.77505094	0.7910883	0.8571123	0.8870641	0.8749012	0.9390102	0.8707591	0.88273466	0.9036652	0.8622594	0.8054696	0.8806729	0.86079025	0.8670253	0.8730965	0.8808836	0.8641609	0.93117803	0.8711194	0.87133944	0.858454	0.8822236	0.8703075	0.8353472	0.86369914	0.85018617	0.90101427	0.8743203	0.87736505	0.8872133	0.87444425	0.9162902	0.8807828	0.9057877	0.8313881	0.87328565	0.91404676	0.8835832	0.87817526	0.90876305	0.8919558	0.8559925	0.8197857	0.86000764	0.8499592	0.7781016	0.8848236	0.9203827	0.9023724	0.92380244	0.8560371	0.7885407	0.932179	0.8592253	0.8708838	0.7903668	0.8752291	0.8699713	0.8380605	0.8468565	0.9003359	0.85847855	0.8423933	0.8949065	0.8105413	0.8914485	0.84908086	0.9037634	0.86912555	0.87456656	0.8647746	0.8594064	0.89686453	0.90485793	0.91649216	0.90328455	0.8906921	0.9348962	0.879133	0.84653735	0.9079676	0.8497988	0.9032682	0.87092197	0.89912254	0.88470113	0.90924245	0.85121715	0.90412194	0.87983793	0.9120791	0.8828218	0.839342	0.8636381	0.9188307	0.84652567
en/comp	0.9226879	0.887053	0.0	0.6762699	0.8844639	0.38706118	0.832188	0.8909355	0.89471745	0.93919796	0.86730033	0.504339	0.8722898	0.50230646	0.83982754	0.6186095	0.56166	0.884437	0.91785055	0.8815333	0.66234547	0.7910975	0.7244229	0.9218215	0.8251555	0.7221931	0.68908787	0.81540716	0.78858334	0.8234881	0.7851933	0.7875509	0.7566415	0.8338542	0.7261693	0.68835807	0.592825	0.9360382	0.8532625	0.7212832	0.87055486	0.75776744	0.89451194	0.9672543	0.38994586	0.7891337	0.82391936	0.5602585	0.9288618	0.82588434	0.91144603	0.8697723	0.84078217	0.9453736	0.62731695	0.8391279	0.5059266	0.78753525	0.52610415	0.8651186	0.9607746	0.636572	0.90654576	0.86137086	0.83628684	0.7634378	0.8561829	0.8982901	0.9080693	0.91323173	0.89565325	0.6424302	0.9364798	0.9001257	0.4481333	0.65373397	0.8696029	0.8327782	0.79970264	0.45582443	0.5368875	0.8607513	0.62611663	0.5434637	0.91574895	0.5681639	0.8548535	0.9043679	0.8179296	0.68309575	0.9103479	0.6662419	0.8539938	0.84978914	0.7899448	0.945052	0.8551469	0.79332423	0.90870464	0.69035256	0.84409887	0.79615915	0.9433805	0.51103663	0.7769172	0.3933847	0.90718275	0.93510455	0.8708509	0.51691365	0.8187486	0.50115585	0.86350197	0.5639012	0.51353085	0.49055928	0.9154256	0.76357704	0.8098213	0.63631517	0.88155115	0.5110401	0.87731385	0.9043696	0.6143317	0.5644907	0.62216365	0.61479914	0.8453237	0.8843132	0.87284213	0.9158943	0.7588891	0.73619103	0.85865384	0.53445375	0.9460865	0.5803989	0.6849064	0.6135999	0.86497176	0.9250581	0.84335154	0.9233998	0.7739782	0.9204002	0.9097027	0.6911958	0.9008417	0.96242285	0.7645189
alleen/adj	0.8065569	0.8319713	0.6762699	0.0	0.8798299	0.68259287	0.80528224	0.9138669	0.78154737	0.9351964	0.82093865	0.63403296	0.86938244	0.6656547	0.7629682	0.7013196	0.5999581	0.9122193	0.8794408	0.73967886	0.71063066	0.6854898	0.7337383	0.9050978	0.7675439	0.77128536	0.7128729	0.84917927	0.72468376	0.7765627	0.8394279	0.732468	0.6523521	0.8455004	0.60665905	0.7643763	0.7264876	0.92733157	0.80149347	0.82377404	0.785245	0.75682646	0.8197622	0.89170533	0.62947625	0.81567997	0.7931547	0.68350434	0.9314938	0.855493	0.77541625	0.81066763	0.78669256	0.84335065	0.73379374	0.81273484	0.6311734	0.697526	0.5624279	0.7708155	0.9095769	0.82509404	0.82684636	0.8766157	0.82636464	0.6105504	0.7491644	0.84322023	0.8226023	0.7680331	0.81572735	0.7069283	0.94238234	0.8262993	0.65310794	0.7091414	0.83378524	0.7496548	0.7000302	0.6859247	0.6188713	0.8361013	0.6779723	0.6978082	0.8958849	0.6878985	0.7942629	0.8551432	0.80790114	0.74535954	0.79260725	0.80664945	0.8108116	0.8226249	0.7867479	0.8198283	0.8820355	0.8375739	0.8206462	0.72264063	0.75795996	0.8438148	0.8686153	0.7335024	0.86660767	0.66051704	0.8150967	0.8967743	0.80919737	0.64443976	0.75822747	0.64888704	0.7495053	0.71562886	0.6820917	0.6630508	0.9191918	0.69537306	0.7942205	0.7078887	0.8951455	0.66835344	0.8750173	0.8234142	0.7996197	0.7160785	0.67692566	0.7555881	0.81483114	0.846086	0.87441504	0.8063098	0.7844068	0.7834519	0.80374134	0.7564972	0.8102841	0.7349646	0.67216134	0.71169335	0.7497107	0.84777546	0.7490134	0.8880156	0.7297216	0.92392516	0.8725402	0.7357534	0.8733536	0.9187111	0.73967123
carrière/noun	0.9171625	0.90807486	0.8844639	0.8798299	0.0	0.8895885	0.86969733	0.90875226	0.9182727	0.92087066	0.8759944	0.90930533	0.8840985	0.8867027	0.9231857	0.83970153	0.8790378	0.91651064	0.85635924	0.89139026	0.93863356	0.875854	0.8602007	0.86092234	0.8845668	0.85328174	0.92579585	0.8592976	0.87667894	0.87732184	0.88974655	0.9218901	0.84316194	0.9161453	0.86457574	0.9028849	0.869644	0.8930193	0.86067533	0.88823223	0.9292508	0.8961502	0.87115926	0.89574295	0.8702863	0.8777297	0.82127863	0.8854958	0.8702695	0.9175348	0.8342295	0.88144416	0.88190234	0.92832613	0.90802175	0.902425	0.85923326	0.89657867	0.90510195	0.79787403	0.91570204	0.85507494	0.9070189	0.92942464	0.8744315	0.88405824	0.82242656	0.90745586	0.8674707	0.92505705	0.9035663	0.87085116	0.92497927	0.9069097	0.8830944	0.9016645	0.90420973	0.903858	0.85978544	0.84896874	0.8885317	0.8749849	0.92477775	0.82953054	0.7840299	0.86951774	0.89148545	0.8639706	0.8329296	0.87481433	0.9163552	0.9385292	0.84050953	0.86926806	0.8434138	0.91979396	0.8297646	0.8847926	0.88065577	0.90227544	0.9169875	0.88037974	0.909904	0.8812117	0.8560001	0.8400663	0.9106665	0.9166229	0.9272893	0.8544034	0.86107266	0.89276105	0.8993635	0.89910394	0.88001674	0.8689953	0.85714173	0.90963775	0.7489617	0.79903466	0.84160745	0.8315151	0.926795	0.86867875	0.8802009	0.88800514	0.8893246	0.8559687	0.78581786	0.904508	0.88304	0.92616874	0.8837188	0.87959266	0.9274374	0.9085991	0.9352647	0.9095615	0.8761574	0.8828273	0.89494926	0.95292044	0.86937594	0.8892932	0.8620851	0.935585	0.89295596	0.8885269	0.9396684	0.9050342	0.89642215
dan/adv	0.9234808	0.8857089	0.38706118	0.68259287	0.8895885	0.0	0.7867417	0.92433256	0.86240435	0.9395176	0.88073826	0.51017857	0.8434295	0.53015935	0.84668255	0.6373116	0.59315205	0.88751745	0.93614334	0.852831	0.61713564	0.7164207	0.7002821	0.9181185	0.81043684	0.72129387	0.6859837	0.82659554	0.78574467	0.8072413	0.80521506	0.790804	0.6602398	0.7812665	0.68728137	0.74991107	0.6219796	0.90702784	0.83581936	0.76390904	0.86739445	0.7630676	0.9003631	0.93707997	0.39748144	0.71207833	0.8709178	0.5379234	0.93880016	0.81807184	0.8987728	0.88455206	0.81339294	0.8886962	0.6844717	0.7963784	0.48996627	0.8142014	0.5211723	0.8699119	0.93908143	0.5402019	0.90118295	0.873474	0.8661314	0.73995006	0.78869367	0.8624782	0.8975952	0.8526651	0.8919421	0.6836245	0.908211	0.8800409	0.35226166	0.68885654	0.87177217	0.822575	0.7487906	0.40093523	0.41190034	0.86363196	0.6237669	0.59403163	0.88361984	0.55919945	0.88081896	0.9035276	0.86349845	0.70523393	0.8794279	0.61433613	0.8598796	0.8699845	0.84738684	0.86493415	0.8710965	0.82282853	0.89747924	0.73157716	0.7991677	0.8156558	0.9275635	0.4803385	0.7607739	0.42111927	0.8724731	0.90572584	0.8523202	0.53779924	0.81397617	0.54058886	0.86041653	0.56001794	0.54406536	0.5132113	0.9241381	0.7541852	0.8652782	0.6218368	0.86120397	0.4732806	0.8525158	0.8821115	0.542644	0.56973433	0.61497307	0.6039834	0.8773936	0.86276406	0.8711581	0.9211376	0.75658333	0.70168275	0.85398495	0.58255655	0.90492654	0.600022	0.7222339	0.6272436	0.8151117	0.9040174	0.8558705	0.8941192	0.7870112	0.9170309	0.87844586	0.68563914	0.84179187	0.95612586	0.76527226
ver/adj	0.8866704	0.89801115	0.832188	0.80528224	0.86969733	0.7867417	0.0	0.9484288	0.8808954	0.94245815	0.9096338	0.8566647	0.83152014	0.80213296	0.87813884	0.85254854	0.8247628	0.8642742	0.928572	0.84825534	0.83033746	0.75051475	0.7820273	0.866516	0.8905949	0.8196867	0.8702346	0.90861535	0.8605468	0.8774591	0.84161973	0.81743443	0.70034325	0.8321392	0.8069787	0.93184745	0.85843533	0.9086925	0.876079	0.8950591	0.90524644	0.87714505	0.73296607	0.8713978	0.8192595	0.6778532	0.87399274	0.84852093	0.9429295	0.8925716	0.83191323	0.86020637	0.8029313	0.83380693	0.90730923	0.8917487	0.7762599	0.8530899	0.8251308	0.89609617	0.90254617	0.74553055	0.85695755	0.923137	0.91321844	0.74926275	0.7811061	0.87722623	0.8811707	0.8168606	0.8870074	0.8088253	0.927458	0.89646375	0.8206498	0.82798797	0.8813564	0.8720616	0.77586544	0.80615854	0.77825844	0.8417375	0.8388006	0.8591994	0.8880794	0.83010244	0.8570826	0.906624	0.88897145	0.85425556	0.8968582	0.8836048	0.8291054	0.83500063	0.84714365	0.835577	0.92866975	0.9227263	0.85386884	0.87115014	0.886904	0.8469436	0.8549704	0.8481573	0.74682295	0.8120823	0.8689649	0.8884303	0.8447504	0.80512184	0.86278516	0.83053005	0.8480487	0.8687275	0.873328	0.8651833	0.94933945	0.8523899	0.91394556	0.8023063	0.89957815	0.7274754	0.8538388	0.8598948	0.78420925	0.8620839	0.8318629	0.846787	0.8815778	0.84806514	0.8984991	0.91959256	0.86959493	0.7565862	0.87618047	0.8641722	0.83948374	0.8910815	0.83305204	0.8640711	0.8218833	0.8729303	0.8699209	0.8107236	0.86740494	0.95586056	0.8434596	0.8525395	0.8786756	0.93042624	0.8783213
Rineke/name	0.920394	0.91142476	0.8909355	0.9138669	0.90875226	0.92433256	0.9484288	0.0	0.919358	0.92008287	0.8672843	0.93023	0.95309424	0.93318975	0.9485356	0.9207051	0.8900487	0.9529797	0.89742357	0.9397348	0.95125455	0.9311105	0.9057437	0.8939893	0.9143907	0.9310178	0.9504915	0.8874749	0.91723055	0.9421069	0.9220131	0.92068887	0.90758026	0.92428094	0.8871751	0.92996204	0.89002067	0.9197805	0.90037686	0.8763719	0.91596264	0.90343654	0.9104733	0.9553297	0.8887214	0.92754835	0.9337539	0.90125287	0.8608211	0.9392214	0.9129785	0.92941916	0.8906934	0.9326024	0.90814245	0.9130914	0.87070596	0.9130431	0.93647534	0.9123351	0.94786686	0.9180182	0.9380947	0.9167584	0.88191223	0.90546316	0.91592205	0.9280014	0.94069535	0.9304657	0.9246362	0.90883833	0.954775	0.9015933	0.91401595	0.9159985	0.9202143	0.91156036	0.89518005	0.9083956	0.9392113	0.9178485	0.9463966	0.89549255	0.9264448	0.88630015	0.93803775	0.91220236	0.9082685	0.8798139	0.9455731	0.8966299	0.90237486	0.8841535	0.9078958	0.93491304	0.8693066	0.8663015	0.88632715	0.8946195	0.9384658	0.931106	0.94567436	0.91415614	0.920134	0.9124195	0.9191034	0.95719457	0.9427894	0.907595	0.9200478	0.9247004	0.9240307	0.9212609	0.9041185	0.9117454	0.86205494	0.91166216	0.91032475	0.88267696	0.90209347	0.9171801	0.9570024	0.92619634	0.9210156	0.8954892	0.9103246	0.93382514	0.89342594	0.9508532	0.9009577	0.93139595	0.9340003	0.93077475	0.9078106	0.9061793	0.92075527	0.9473644	0.90964794	0.9167523	0.91626185	0.9545806	0.8973386	0.9219265	0.8996483	0.92246693	0.92588574	0.9020381	0.93993586	0.928575	0.918626
aanschaf/noun	0.8707256	0.8617488	0.89471745	0.78154737	0.9182727	0.86240435	0.8808954	0.919358	0.0	0.93799156	0.87762094	0.87456715	0.8884689	0.8684181	0.88845015	0.8584177	0.8026242	0.8879647	0.91325134	0.741608	0.8353002	0.7221348	0.8033137	0.84691596	0.85784036	0.875622	0.90838647	0.92361176	0.7879213	0.8586874	0.88606066	0.83051765	0.77118945	0.80400157	0.80470896	0.91196567	0.8930273	0.9426162	0.8169886	0.9170809	0.7097039	0.8385331	0.855222	0.70877004	0.8481206	0.8503462	0.85492265	0.8592612	0.9511982	0.9100667	0.82594407	0.8510219	0.7697682	0.8191336	0.89831674	0.8745063	0.8337584	0.8225633	0.8804547	0.8571054	0.9294731	0.8961388	0.86256033	0.89787483	0.8928284	0.7034253	0.7974254	0.8689962	0.829018	0.73880243	0.8436896	0.88239986	0.9710476	0.8744903	0.8297775	0.8592546	0.80629563	0.84484017	0.74803436	0.8745014	0.7830558	0.8245195	0.9010457	0.87868494	0.89899147	0.8387867	0.8793205	0.9147424	0.8845175	0.87171805	0.8170593	0.90439427	0.75834453	0.8998463	0.8340204	0.82470167	0.93740505	0.8768155	0.83687866	0.83681476	0.72116256	0.86933184	0.9192867	0.8863553	0.91023785	0.89728636	0.8773672	0.9094739	0.7787984	0.8807598	0.82740736	0.8443872	0.8623373	0.8320018	0.88443905	0.8616166	0.95561457	0.8338619	0.8878552	0.871248	0.93776137	0.87486845	0.7698312	0.8376057	0.87047887	0.89261144	0.8779199	0.9285013	0.871589	0.85240436	0.90611935	0.81876576	0.8969494	0.85019696	0.79181767	0.8974415	0.77219754	0.90972644	0.8312767	0.8971096	0.813292	0.8248761	0.83779657	0.8752706	0.8767337	0.9359433	0.81255376	0.8630734	0.8540353	0.921375	0.6876924
C2/name	0.94203424	0.917659	0.93919796	0.9351964	0.92087066	0.9395176	0.94245815	0.92008287	0.93799156	0.0	0.93738693	0.94850385	0.9242582	0.9312634	0.9549236	0.9130354	0.9017267	0.945205	0.9215664	0.90942526	0.9690552	0.9317368	0.92426455	0.90470695	0.9568322	0.9099261	0.9608386	0.94440097	0.92853546	0.9659722	0.91976583	0.91906196	0.9313289	0.900409	0.9382337	0.9516724	0.92710924	0.8445179	0.90226126	0.93348396	0.9216072	0.93754107	0.92451847	0.94594353	0.9372842	0.926037	0.93389595	0.93824774	0.8845803	0.9295555	0.9323375	0.9329611	0.9212954	0.94468635	0.9484066	0.90482116	0.9286108	0.9451488	0.9371375	0.9286171	0.96154433	0.90449494	0.9383585	0.9292971	0.9301915	0.89474124	0.9300939	0.9062322	0.95841426	0.94982797	0.9418321	0.9285441	0.9012313	0.9663839	0.9425289	0.94406	0.940263	0.9519958	0.91338956	0.9270452	0.920135	0.93079996	0.95314693	0.9241072	0.9204448	0.92720914	0.95784056	0.9514992	0.93070614	0.94245845	0.958901	0.94150096	0.895582	0.94428676	0.92250466	0.93866116	0.9374204	0.92874515	0.9252297	0.93438977	0.93481785	0.93699515	0.9689212	0.93546987	0.9198177	0.9410379	0.9378737	0.925146	0.9409696	0.9146031	0.9433034	0.9467632	0.95273113	0.9318759	0.95024204	0.9421496	0.8878223	0.94755757	0.918208	0.92138886	0.89688724	0.9145169	0.91700727	0.94571555	0.9282876	0.9436845	0.92923075	0.912784	0.8802262	0.9436316	0.891693	0.9211293	0.95130324	0.93421674	0.9545633	0.9193274	0.9437293	0.9557537	0.90841603	0.94127035	0.9435384	0.9567898	0.9399307	0.9367458	0.9399632	0.9101802	0.93059146	0.9391252	0.922107	0.9558315	0.933988
Amerikaan/noun	0.8892086	0.87617075	0.86730033	0.82093865	0.8759944	0.88073826	0.9096338	0.8672843	0.87762094	0.93738693	0.0	0.8591763	0.9213931	0.87082756	0.91000986	0.84790397	0.83121234	0.9230396	0.7859939	0.8898485	0.8849472	0.8095062	0.80402243	0.8490806	0.78138286	0.8382368	0.87465775	0.75473744	0.80622035	0.8474118	0.8572759	0.88255113	0.7614783	0.9314969	0.6363419	0.80599076	0.8403836	0.8890549	0.83540136	0.77144396	0.90508956	0.79562503	0.7586261	0.92089224	0.84131944	0.86650205	0.87920773	0.775089	0.7572516	0.82957584	0.861274	0.8443907	0.7723531	0.8715201	0.894764	0.82510203	0.7208853	0.82405657	0.8284348	0.8398266	0.7267456	0.8943144	0.85566956	0.8999357	0.7280773	0.8160283	0.8240924	0.8784893	0.8586657	0.88191116	0.8508446	0.84301	0.9360692	0.747211	0.8251219	0.79187125	0.69860405	0.58996075	0.79535073	0.8358682	0.87417597	0.8922126	0.7807107	0.85202	0.9291638	0.8568852	0.7817902	0.7937274	0.81928414	0.76571894	0.7987563	0.91462356	0.86022055	0.5869497	0.89045256	0.88549745	0.75184536	0.8435904	0.71366894	0.6965043	0.8386699	0.8546429	0.71650434	0.8746338	0.8979812	0.80845696	0.88351566	0.7686229	0.8464811	0.8240115	0.8327586	0.8616823	0.80468005	0.8342841	0.8197505	0.87661266	0.73086953	0.70224065	0.8852071	0.688587	0.78130776	0.8222943	0.9280325	0.82549	0.8942345	0.82498014	0.79542696	0.88334864	0.88965636	0.9273408	0.8836091	0.80597025	0.8633629	0.90225285	0.7370144	0.8846291	0.8651265	0.8992755	0.8377662	0.8264698	0.7766349	0.91835785	0.7666248	0.895391	0.7810031	0.9374102	0.8724957	0.7343754	0.82348555	0.6611047	0.8545154
wel/adv	0.9246332	0.88898903	0.504339	0.63403296	0.90930533	0.51017857	0.8566647	0.93023	0.87456715	0.94850385	0.8591763	0.0	0.9184281	0.571007	0.829629	0.5529016	0.4712733	0.8774837	0.9459731	0.8296055	0.5962912	0.7133673	0.66305923	0.96392035	0.8259715	0.7532512	0.6845428	0.8652558	0.8047766	0.7768193	0.807412	0.7504321	0.7230367	0.8780585	0.6923312	0.8053869	0.6231289	0.92559105	0.84579206	0.78218853	0.90053236	0.7241577	0.9115754	0.93725675	0.5019795	0.7883979	0.8352309	0.5975288	0.9582144	0.8570049	0.90571225	0.8680362	0.84093857	0.87544954	0.56845856	0.8429198	0.5712275	0.74264205	0.47890973	0.8209148	0.95713866	0.6904428	0.9251971	0.8927994	0.89528114	0.67087126	0.84791416	0.9051529	0.8768859	0.8395345	0.89412653	0.6673094	0.9265659	0.9097276	0.53627706	0.71467984	0.91562694	0.84279734	0.80892956	0.35992974	0.537879	0.87317777	0.6033458	0.56298405	0.9035636	0.5589519	0.86491156	0.9276095	0.8715297	0.73342633	0.8927766	0.67246145	0.8782959	0.90154386	0.8107858	0.9193349	0.91467285	0.8466979	0.9316771	0.7122314	0.82738304	0.83314186	0.9551855	0.43795413	0.8345565	0.46522492	0.88827837	0.9431174	0.8585026	0.45015752	0.81668687	0.50398725	0.86053944	0.6229261	0.5743643	0.5319405	0.9477792	0.7648149	0.79349446	0.6602588	0.91211486	0.5343456	0.9009206	0.88991624	0.64511156	0.5864867	0.6249761	0.6562169	0.8412422	0.8645048	0.88448775	0.90345657	0.71090925	0.82256925	0.89422864	0.57109386	0.88845104	0.6319163	0.6595514	0.6239544	0.81818885	0.92031324	0.87378347	0.92429405	0.78408027	0.9347992	0.91206217	0.704528	0.8928457	0.9568171	0.8662555
weg/noun	0.8951399	0.9213119	0.8722898	0.86938244	0.8840985	0.8434295	0.83152014	0.95309424	0.8884689	0.9242582	0.9213931	0.9184281	0.0	0.90259063	0.900413	0.8903684	0.8852731	0.8626989	0.9514366	0.83987105	0.92843914	0.8132789	0.8870324	0.8497656	0.908825	0.8449966	0.9297247	0.9187313	0.8519049	0.9360074	0.8448834	0.8713075	0.7938839	0.691554	0.86069244	0.9244932	0.861704	0.9388069	0.9048697	0.8908094	0.8667971	0.9155962	0.86926585	0.8454934	0.8327586	0.78066236	0.87950057	0.8713451	0.94814277	0.8540647	0.9285017	0.8711406	0.80818796	0.8543964	0.9248418	0.92614144	0.80619586	0.9166894	0.90702647	0.87925506	0.8912357	0.77429724	0.9191312	0.8961297	0.8935635	0.82119495	0.86334896	0.8864435	0.881776	0.8939471	0.9097101	0.9008076	0.9314776	0.8953581	0.8610388	0.8426476	0.85181594	0.887685	0.8184905	0.8956161	0.8582093	0.79977894	0.90014404	0.9057952	0.89643717	0.84779876	0.87120456	0.90332586	0.86615413	0.88031536	0.90310705	0.86904204	0.87174237	0.89963806	0.89279664	0.8402215	0.9440891	0.8933171	0.8342947	0.8783689	0.8722449	0.8676786	0.8714891	0.90715915	0.8278435	0.8775246	0.9245472	0.8980262	0.9172268	0.91640204	0.89297414	0.9176778	0.91284204	0.91826975	0.91355735	0.9198473	0.9485221	0.86774087	0.9296495	0.8417547	0.90333617	0.8361821	0.8510794	0.9115218	0.8185587	0.90266234	0.894236	0.90323794	0.9262927	0.8711317	0.906836	0.88923335	0.9337129	0.84751296	0.8471996	0.8907251	0.84360796	0.9357561	0.85307103	0.8921745	0.8550407	0.9243977	0.8882939	0.9021978	0.900465	0.96087646	0.94542146	0.88073206	0.7095159	0.9390734	0.82279515
maar/adv	0.9085671	0.8801186	0.50230646	0.6656547	0.8867027	0.53015935	0.80213296	0.93318975	0.8684181	0.9312634	0.87082756	0.571007	0.90259063	0.0	0.8539736	0.7136617	0.67354774	0.9019998	0.93714404	0.87819713	0.6770017	0.76150036	0.7031319	0.91633546	0.860304	0.759587	0.72931224	0.8750377	0.8253763	0.8452245	0.8086644	0.7968409	0.71988463	0.86800534	0.7536978	0.79114854	0.6695298	0.9269662	0.8200276	0.76888126	0.88591474	0.7844393	0.89607	0.957512	0.5239779	0.79829943	0.84368116	0.64548063	0.95099115	0.87746215	0.9005979	0.88032776	0.8370807	0.92357343	0.7169482	0.8624446	0.60592985	0.77669525	0.61443615	0.8791171	0.9556695	0.7100046	0.85765135	0.9005174	0.8790793	0.7794769	0.8186306	0.9180131	0.9164264	0.88638884	0.89800066	0.7072829	0.93487835	0.90239334	0.6012552	0.7232388	0.86578023	0.82137275	0.7799609	0.52288914	0.59317935	0.8834813	0.7043284	0.6500882	0.91933686	0.6223484	0.8658657	0.9300433	0.8571442	0.75107294	0.8966669	0.71015227	0.83916765	0.8971224	0.8369306	0.9030074	0.90820754	0.8445655	0.9262055	0.7257787	0.8371509	0.78485346	0.9309973	0.5635911	0.7828858	0.538648	0.87430906	0.931537	0.86391354	0.6116259	0.8454946	0.60640657	0.8401488	0.6811732	0.6334734	0.6208564	0.939073	0.7817267	0.8583252	0.70485336	0.90944934	0.5852641	0.8757029	0.91546774	0.6338053	0.66966736	0.6965219	0.6837507	0.89526004	0.8748982	0.8872055	0.8673657	0.7687069	0.792768	0.8741947	0.63789314	0.9141503	0.66802406	0.71943367	0.6475862	0.8488031	0.8993505	0.8345227	0.9081669	0.77452236	0.9262321	0.9004812	0.7492306	0.89648676	0.96002233	0.76156425
probleem/noun	0.7699446	0.8790605	0.83982754	0.7629682	0.9231857	0.84668255	0.87813884	0.9485356	0.88845015	0.9549236	0.91000986	0.829629	0.900413	0.8539736	0.0	0.7974868	0.73579645	0.9001578	0.95650625	0.7542882	0.85870725	0.83104575	0.8557141	0.91910356	0.82816553	0.85778004	0.83388466	0.9265858	0.8219489	0.85617137	0.8860379	0.83450305	0.7918073	0.92988604	0.7654573	0.8866024	0.8365101	0.9475445	0.8515946	0.8861061	0.8853822	0.8501025	0.81944704	0.88631374	0.8103676	0.8268465	0.8214884	0.8381808	0.9604603	0.87869376	0.78338104	0.81835204	0.8368321	0.8637938	0.8775737	0.88350713	0.8093763	0.8105509	0.7881055	0.82699853	0.92888135	0.8881675	0.8006929	0.9395406	0.88998014	0.6749197	0.82608354	0.8826532	0.88095784	0.6934787	0.7985292	0.907076	0.95585686	0.86723083	0.8519958	0.8523675	0.8773713	0.8219557	0.7994259	0.8392122	0.8125689	0.8962143	0.845623	0.8465652	0.9074795	0.80902326	0.82919633	0.91293824	0.8491482	0.87908375	0.7466936	0.9086404	0.8475636	0.88146704	0.8079	0.8053574	0.9429639	0.9355389	0.84208435	0.78821486	0.8233304	0.8789338	0.8897716	0.8307743	0.8790596	0.8557645	0.89086306	0.93523824	0.84325767	0.7976619	0.82799196	0.77725697	0.71405315	0.87587357	0.8524095	0.8415214	0.96285963	0.80834967	0.7691521	0.8510947	0.9331852	0.7819398	0.8745414	0.8361584	0.91577214	0.8778527	0.81608117	0.85388196	0.8764289	0.86813855	0.8977289	0.8626542	0.8899001	0.9180248	0.89522266	0.89912903	0.845346	0.84926003	0.76722443	0.8695854	0.81798816	0.6145029	0.9028497	0.9387059	0.8387337	0.9546153	0.8907482	0.86012626	0.8834623	0.9458648	0.83669955
trouwens/adv	0.868171	0.83783036	0.6186095	0.7013196	0.83970153	0.6373116	0.85254854	0.9207051	0.8584177	0.9130354	0.84790397	0.5529016	0.8903684	0.7136617	0.7974868	0.0	0.5286448	0.84760714	0.910487	0.81431305	0.74517894	0.7270509	0.690752	0.87677026	0.80004543	0.71003544	0.73367	0.8257995	0.7364249	0.8130052	0.80146307	0.7847737	0.7713067	0.8619673	0.7170276	0.80385673	0.66700894	0.88263756	0.7909277	0.7973912	0.8769134	0.7191614	0.8534169	0.90896046	0.6369881	0.8231998	0.8328448	0.6849962	0.9127917	0.8013842	0.8730049	0.85187393	0.8118841	0.78889716	0.61248344	0.8285311	0.65028083	0.74794245	0.5757023	0.83017343	0.9368449	0.78583926	0.86943305	0.8758744	0.86223406	0.5992875	0.8417236	0.8358364	0.85476315	0.8208135	0.8538271	0.71056634	0.8889656	0.8641736	0.6710249	0.7358656	0.8884352	0.77607334	0.81062484	0.5171462	0.54300666	0.82635117	0.69580805	0.58720195	0.8275708	0.6723518	0.8500772	0.8737373	0.8396134	0.75656754	0.88236386	0.80630505	0.82410175	0.8587419	0.79177046	0.87900317	0.88540643	0.8251583	0.87360996	0.7330363	0.8179358	0.8207685	0.9348238	0.6154254	0.87147313	0.55402756	0.8429593	0.8881124	0.8637456	0.4926976	0.7892375	0.5774436	0.7909495	0.6786138	0.5759821	0.5888536	0.9206419	0.7499149	0.75901026	0.69814444	0.8486539	0.57197434	0.88396525	0.8594491	0.7637112	0.63351566	0.6255379	0.64345527	0.7648192	0.8473016	0.8539715	0.86164564	0.7310646	0.79422104	0.8804991	0.72259897	0.82353675	0.6805924	0.66987395	0.6884475	0.7879722	0.90996605	0.8275174	0.9061533	0.77707577	0.87223625	0.872308	0.7300553	0.8733125	0.93628645	0.83277416
ook/adv	0.80427873	0.8400109	0.56166	0.5999581	0.8790378	0.59315205	0.8247628	0.8900487	0.8026242	0.9017267	0.83121234	0.4712733	0.8852731	0.67354774	0.73579645	0.5286448	0.0	0.88114643	0.9160437	0.75847137	0.7084272	0.7191981	0.66089296	0.9049635	0.7564831	0.7406486	0.7160878	0.82971996	0.74217004	0.7568327	0.82090795	0.74453795	0.72035766	0.85083854	0.6421219	0.8093694	0.6927023	0.907464	0.7594275	0.81430507	0.8107665	0.6950073	0.803755	0.8838539	0.6010369	0.8012732	0.77633846	0.6712873	0.9336926	0.8159529	0.8068296	0.81154823	0.7703725	0.8017407	0.6321231	0.83925235	0.63154626	0.6730722	0.58662003	0.78527105	0.92496634	0.76272154	0.84018874	0.8476742	0.87586457	0.56189543	0.80657274	0.81147283	0.8423226	0.7613277	0.83198774	0.66195613	0.92239916	0.8259501	0.63802934	0.7338837	0.83414704	0.76733446	0.75645715	0.5449841	0.59042317	0.84116447	0.66850775	0.63746536	0.8498559	0.63895506	0.8172948	0.8583674	0.82534665	0.7551898	0.8074658	0.73458666	0.8435242	0.84053856	0.7449833	0.83325344	0.8978275	0.8463552	0.853493	0.7210848	0.72553754	0.8235235	0.9163872	0.5724521	0.8280675	0.58554935	0.8566368	0.91388154	0.81338704	0.53560245	0.76274693	0.56003875	0.7622963	0.6695391	0.629946	0.569347	0.92971027	0.72945774	0.7440767	0.6910801	0.8815702	0.5824586	0.86759645	0.8083519	0.7528864	0.6635711	0.6529136	0.71221983	0.77344894	0.8281307	0.8437698	0.8339014	0.7018816	0.7924036	0.83656746	0.6965643	0.7915798	0.6836597	0.6099767	0.6972122	0.7090918	0.84557104	0.7886154	0.8754482	0.7741807	0.90023434	0.84377235	0.73687446	0.87037706	0.933571	0.773453
op/adj	0.89795864	0.9116004	0.884437	0.9122193	0.91651064	0.88751745	0.8642742	0.9529797	0.8879647	0.945205	0.9230396	0.8774837	0.8626989	0.9019998	0.9001578	0.84760714	0.88114643	0.0	0.9365791	0.91587174	0.857356	0.841473	0.8885361	0.89555246	0.8997246	0.8704594	0.92442566	0.9040702	0.8395254	0.9188075	0.884817	0.8687929	0.89510775	0.8465016	0.87535244	0.9152202	0.89107823	0.9222746	0.8903815	0.90678304	0.9158379	0.89448863	0.9102041	0.9196622	0.8727551	0.8725052	0.9008615	0.8777017	0.94580215	0.89201593	0.9209788	0.9047	0.8343637	0.88361514	0.8899836	0.90748465	0.8642161	0.89310133	0.8915392	0.9236404	0.94391304	0.8440019	0.91172165	0.93731624	0.9076961	0.8727866	0.9122663	0.88815975	0.90502024	0.90170544	0.88953644	0.9019434	0.9383546	0.85880435	0.8673605	0.8753184	0.8718699	0.9021975	0.86885166	0.84382105	0.8236998	0.8891217	0.9115805	0.87098086	0.9120431	0.8844398	0.9013669	0.9220949	0.9145583	0.89351296	0.86911225	0.90880316	0.89723563	0.9077681	0.8960042	0.87520826	0.934708	0.9108234	0.89277166	0.90357506	0.89586836	0.874846	0.92456067	0.85917735	0.8460456	0.8903755	0.91109157	0.92037636	0.93576735	0.8737738	0.8434794	0.9128208	0.91795564	0.8995001	0.8996182	0.88927686	0.94323456	0.8716177	0.93613917	0.879696	0.9256261	0.8486404	0.9137755	0.8786145	0.84388214	0.89699906	0.8769343	0.87361205	0.8847425	0.88193893	0.92659926	0.91026646	0.9105966	0.854442	0.92835724	0.8487487	0.9119935	0.927621	0.89492846	0.91258097	0.90455383	0.90666777	0.8610022	0.9548582	0.89996296	0.94963074	0.92255086	0.8855537	0.8719681	0.96519417	0.81441736
weduwe/noun	0.7731657	0.864474	0.91785055	0.8794408	0.85635924	0.93614334	0.928572	0.89742357	0.91325134	0.9215664	0.7859939	0.9459731	0.9514366	0.93714404	0.95650625	0.910487	0.9160437	0.9365791	0.0	0.93933964	0.9220337	0.8930941	0.89028937	0.8073591	0.68347263	0.8619373	0.9463654	0.6296573	0.79078984	0.931032	0.8907459	0.9295554	0.8542573	0.92050695	0.72797847	0.8492879	0.9158791	0.9169234	0.843319	0.76852906	0.9297862	0.8610339	0.92408735	0.9210311	0.9160281	0.94128984	0.9029779	0.8375842	0.5817753	0.78291786	0.91064894	0.92861384	0.82916033	0.8577848	0.9595946	0.7316225	0.79519266	0.93506634	0.9312002	0.8751483	0.8703004	0.922681	0.82120657	0.92315483	0.57896584	0.88802373	0.9180679	0.88282037	0.8825923	0.9373595	0.85117936	0.8932122	0.9607825	0.62702084	0.89681846	0.8671069	0.81236434	0.8492135	0.8776985	0.929349	0.9316934	0.9011353	0.9002644	0.9216499	0.8996136	0.8892355	0.9256341	0.6011888	0.90249735	0.7302722	0.83528435	0.91799295	0.8494251	0.85500664	0.9300784	0.8764832	0.53011537	0.7072599	0.77708316	0.81449145	0.8645082	0.89507425	0.8733797	0.9388616	0.9441122	0.90106267	0.85194665	0.90847594	0.8835927	0.91909087	0.8082453	0.9352892	0.8661868	0.89915115	0.89343053	0.92899173	0.53577983	0.8063782	0.9158199	0.75069773	0.86447835	0.9133023	0.9082087	0.7911477	0.9074157	0.90880203	0.90789765	0.8522939	0.90074813	0.9443709	0.9048624	0.82700086	0.94051695	0.91230595	0.77311254	0.9198101	0.84795904	0.95689255	0.92666435	0.931518	0.88189006	0.9375713	0.8203103	0.93803394	0.8760603	0.9194848	0.92492783	0.7998706	0.8374992	0.75659406	0.8203558
systeem/noun	0.8217038	0.86808956	0.8815333	0.73967886	0.89139026	0.852831	0.84825534	0.9397348	0.741608	0.90942526	0.8898485	0.8296055	0.83987105	0.87819713	0.7542882	0.81431305	0.75847137	0.91587174	0.93933964	0.0	0.8368599	0.697637	0.83680856	0.9194829	0.86693764	0.8662816	0.9020575	0.93996435	0.7676323	0.8206082	0.8447499	0.800488	0.6978352	0.8560761	0.7338474	0.88196754	0.8083084	0.9288096	0.83507115	0.9238229	0.61362904	0.86055136	0.7636949	0.81592727	0.81340724	0.7737534	0.7959835	0.8514051	0.96728265	0.92348444	0.7791474	0.6398479	0.8214506	0.8142476	0.8813665	0.8861967	0.8022778	0.8393269	0.7993922	0.6841538	0.90575767	0.87693226	0.83709204	0.90810007	0.91324645	0.5947746	0.7988782	0.86974037	0.8587533	0.6323334	0.8404149	0.8957498	0.96770316	0.9021084	0.80760956	0.8657926	0.85163504	0.83203244	0.6802595	0.8537137	0.7483326	0.838633	0.88410616	0.86697704	0.8725496	0.8331329	0.66298056	0.9137358	0.78557396	0.8947497	0.81329995	0.9370265	0.8422418	0.8627501	0.77993214	0.7676577	0.93886393	0.937131	0.78688455	0.82670546	0.7536266	0.8704635	0.88244724	0.8659937	0.9130421	0.8974353	0.86340666	0.88814497	0.8042839	0.8549155	0.7777269	0.78803045	0.8042116	0.88584465	0.8885698	0.83324885	0.9621417	0.8252609	0.8226879	0.85394204	0.92538655	0.78899485	0.8556956	0.77561724	0.893558	0.8855616	0.8421443	0.9136515	0.8473631	0.7852355	0.85783327	0.8279826	0.8782085	0.87072563	0.8041866	0.90544593	0.7736677	0.91471916	0.815994	0.86008346	0.7773773	0.8096031	0.8512541	0.8471113	0.8091597	0.9423526	0.8258074	0.87091863	0.8666272	0.897997	0.8070799
of/comp	0.8986171	0.8798094	0.66234547	0.71063066	0.93863356	0.61713564	0.83033746	0.95125455	0.8353002	0.9690552	0.8849472	0.5962912	0.92843914	0.6770017	0.85870725	0.74517894	0.7084272	0.857356	0.9220337	0.8368599	0.0	0.67347026	0.7986053	0.94540787	0.83252865	0.8617979	0.7944181	0.88339543	0.8106736	0.82336605	0.8842636	0.75538266	0.7132671	0.8994878	0.6965543	0.8246941	0.76373947	0.95024145	0.8708898	0.8694067	0.86702824	0.7919107	0.9122728	0.9380777	0.66246355	0.8396874	0.8846941	0.6562332	0.94501877	0.8885518	0.8756498	0.8984524	0.8734938	0.84600294	0.718676	0.7996473	0.6881961	0.8269477	0.62302995	0.8467709	0.93582296	0.82711643	0.91184545	0.92110115	0.8905661	0.7452991	0.85408103	0.8828441	0.88585246	0.78942716	0.8646092	0.8009857	0.9514557	0.8669546	0.5724577	0.7692662	0.9038166	0.8782139	0.8069786	0.66132915	0.63784873	0.8789454	0.720284	0.74093693	0.9181086	0.73829025	0.8852198	0.9111904	0.89773333	0.78976405	0.84627694	0.8458988	0.8737074	0.90901464	0.87837446	0.8983032	0.9007631	0.8834218	0.8790128	0.7877685	0.83694637	0.8851525	0.9311971	0.6385572	0.8721689	0.6692836	0.8391095	0.90316564	0.88965106	0.6957272	0.80876416	0.6920403	0.87474203	0.6829111	0.6804681	0.7108978	0.9334846	0.79072833	0.8806705	0.7602958	0.9315387	0.6688075	0.91114235	0.8650106	0.730288	0.71866465	0.7468356	0.79406464	0.912722	0.8900594	0.9081854	0.85414386	0.77948654	0.8599847	0.8894586	0.7534609	0.85578424	0.7874417	0.81970847	0.74585164	0.8527938	0.9036833	0.8603275	0.9511932	0.8157192	0.95389783	0.9226283	0.7664745	0.8963154	0.9227958	0.758482
om/comp	0.7999758	0.830629	0.7910975	0.6854898	0.875854	0.7164207	0.75051475	0.9311105	0.7221348	0.9317368	0.8095062	0.7133673	0.8132789	0.76150036	0.83104575	0.7270509	0.7191981	0.841473	0.8930941	0.697637	0.67347026	0.0	0.7587557	0.8600418	0.7395004	0.767626	0.85618806	0.8427437	0.6823083	0.7632254	0.8015121	0.66819024	0.31191868	0.7837137	0.59583884	0.82007694	0.7564548	0.8975634	0.76141715	0.828823	0.76579165	0.76320684	0.8056156	0.8017789	0.6896474	0.7058407	0.80310607	0.69232863	0.93228704	0.8212528	0.7882276	0.76843494	0.7515154	0.6488695	0.7646357	0.8029466	0.62329435	0.7482972	0.68952584	0.73739934	0.84479964	0.7292347	0.7971871	0.86863995	0.850063	0.57510626	0.69747865	0.83472747	0.76804096	0.6380302	0.7918564	0.75795984	0.92384744	0.8124747	0.65256596	0.69763833	0.8114115	0.7686339	0.45460117	0.70064604	0.6241821	0.8053348	0.7558717	0.758489	0.84853405	0.7279516	0.7631309	0.8444517	0.8198912	0.7216213	0.7219097	0.7963594	0.7753397	0.83197355	0.69787025	0.7298702	0.8847439	0.86544126	0.78903747	0.69399035	0.7210969	0.8340452	0.8106883	0.75214994	0.8274348	0.7157775	0.80127335	0.81967795	0.80337685	0.7760767	0.74227405	0.7170813	0.75487506	0.7627001	0.74823236	0.7428067	0.9219295	0.6223464	0.78180534	0.7127733	0.87376255	0.6059288	0.8314231	0.76292276	0.7369081	0.74066114	0.6748642	0.8055597	0.80072427	0.8086473	0.84799886	0.8272619	0.8197025	0.71562564	0.7586561	0.78610706	0.6735931	0.858603	0.7082904	0.7190389	0.72146916	0.7978438	0.7993463	0.9041537	0.71554726	0.91089255	0.8239552	0.6949488	0.7971339	0.85660046	0.77093226
zelfs/adv	0.8419172	0.88003314	0.7244229	0.7337383	0.8602007	0.7002821	0.7820273	0.9057437	0.8033137	0.92426455	0.80402243	0.66305923	0.8870324	0.7031319	0.8557141	0.690752	0.66089296	0.8885361	0.89028937	0.83680856	0.7986053	0.7587557	0.0	0.856812	0.8128554	0.7507334	0.83041406	0.8040215	0.74812686	0.8260733	0.80065554	0.806945	0.73567295	0.84048456	0.73655754	0.7817128	0.72734547	0.85821193	0.79830253	0.78197426	0.8452835	0.7696395	0.81328875	0.92232996	0.6904177	0.7828685	0.80501145	0.6815523	0.9101562	0.80860865	0.8340651	0.86624575	0.78018856	0.90063494	0.7548677	0.82800967	0.6602236	0.80712235	0.7121713	0.8007877	0.91086066	0.7569447	0.81914884	0.86302173	0.82122815	0.674368	0.7889993	0.8450873	0.8789215	0.84264845	0.8697407	0.7612219	0.90083206	0.8068834	0.69008774	0.7527485	0.8054237	0.7884332	0.7417425	0.62717867	0.68903816	0.8517455	0.7275442	0.7218634	0.87464213	0.56006837	0.84205455	0.8487704	0.8298259	0.7304823	0.8416642	0.6625261	0.7657802	0.8024321	0.8306121	0.8307185	0.86208165	0.7988467	0.7956382	0.76934665	0.8101037	0.7980685	0.90246975	0.6732495	0.82440054	0.6859752	0.8673471	0.8252538	0.84566265	0.6015202	0.8101732	0.73358476	0.8122127	0.7827543	0.7638132	0.73651934	0.8928931	0.7545006	0.8498982	0.67879254	0.8422669	0.699978	0.8311604	0.8614954	0.7052076	0.75324	0.7596715	0.74242026	0.8540699	0.857535	0.87724113	0.86360836	0.7754775	0.80854404	0.8283082	0.7067648	0.889225	0.80813605	0.7262352	0.7536168	0.80747133	0.8459911	0.7708378	0.79812473	0.7642987	0.91236734	0.8297544	0.7306123	0.810317	0.8753595	0.6584825
uit/prep	0.8454128	0.88159317	0.9218215	0.9050978	0.86092234	0.9181185	0.866516	0.8939893	0.84691596	0.90470695	0.8490806	0.96392035	0.8497656	0.91633546	0.91910356	0.87677026	0.9049635	0.89555246	0.8073591	0.9194829	0.94540787	0.8600418	0.856812	0.0	0.86556846	0.81843054	0.95342004	0.8649901	0.7576385	0.935879	0.8558341	0.8785262	0.86173606	0.80027413	0.8745836	0.8697908	0.9279618	0.84564817	0.82366264	0.8166046	0.85805374	0.8612905	0.8061187	0.89270395	0.90896934	0.86123514	0.89215183	0.89449215	0.8626677	0.76612574	0.88598216	0.8892256	0.78234375	0.859189	0.9736819	0.8776823	0.85803807	0.8826366	0.95143324	0.8940268	0.84444135	0.8466798	0.8392313	0.89247286	0.7992674	0.8794371	0.8893247	0.82077944	0.8704345	0.92647797	0.81028014	0.8773903	0.86380357	0.8090278	0.90113425	0.8689625	0.75521165	0.80521274	0.8296034	0.9349739	0.9179885	0.78971934	0.9209802	0.89812016	0.79437244	0.8448847	0.873999	0.82714	0.8666772	0.868033	0.84144366	0.87203443	0.8039276	0.7514914	0.88731915	0.8490983	0.8498663	0.80799425	0.75603616	0.85831237	0.883371	0.8227483	0.8171731	0.9310037	0.85486764	0.92532575	0.8668395	0.78295135	0.89331967	0.93261015	0.86761665	0.9281243	0.85789657	0.91255236	0.9360192	0.9130626	0.8573339	0.8815894	0.89622	0.8369293	0.88234085	0.91893214	0.84309334	0.8935374	0.8752802	0.9365072	0.92004895	0.886671	0.847195	0.9089315	0.8612439	0.83090293	0.92871207	0.83506745	0.8087916	0.90771496	0.8118485	0.95749354	0.88363993	0.9330619	0.8453407	0.8873745	0.7900724	0.89789724	0.8899825	0.8604432	0.89524275	0.89239424	0.778818	0.8690274	0.7589315
