	bank/noun	overheid_schuld/noun	ver/adj	daarom/pp	eerder/noun	voor/comp	voetbal_bond/noun	keer/adv	activiteit/noun	dochter/noun	maar/adv	namelijk/adv	organisatie/noun	economie/noun	familie_bedrijf/noun	binnen/prep	om/comp	staal_industrie/noun	landbouw_sector/noun	drastisch/adj	spoor_weg/noun	al/adv	bank_sector/noun	Belgische/name	luchtvaart_maatschappij/noun	huishouding/noun	vervolgens/adv	diep/noun	Fabricom/name	die/det	netwerk/noun	nu/adv	Hof/name	druk/noun	ingekort/adj	Europa/name	brandweer/noun	volop/adv	luchtvaart_bedrijf/noun	snel/adj	secretariaat/noun	slechts/adv	afdeling/noun	tijd/noun	choreografie/noun	en/vg	schooljaar/noun	AG/name	mede/adv	grotendeels/adv	vermogen/noun	Nissan/name	tak/noun	ze/pron	moet/verb	opleiding/noun	Chrysler/name	weer/adv	bovendien/adv	filiaal/noun	fabriek/noun	Top/name	jaar/noun	dus/adv	fors/adj	het/det	waardoor/pp	opnieuw/adv	Philips/name	intussen/adv	zich/pron	jeugd_beleid/noun	merk/noun	directie/noun	Bax/name	marketing_afdeling/noun	groep/noun	productie/noun	flink/adj	terwijl/comp	volledig/adj	gewoon/adj	regio/noun	jeugd_voetbal/noun	ten/adv	lening/noun	vermoedelijk/adj	totaal/noun	gebied/noun	dienst/noun	voetbal/noun	zonder/prep	Franse/name	we/pron	bestuurder/noun	markt/noun	zodat/comp	container_park/noun	Unilever/name	topman/noun	marketing/noun	Italiaan/noun	top/noun	dringend/adj	1999/noun	grondig/adj	dagenlang/adj	management/noun	administratie/noun	uiteindelijk/adj	sector/noun	volgens/prep	club/noun	zwaar/adj	zonder/comp	eerst/adv	medium_groep/noun	doorgaans/adv	schuld/noun	concern/noun	traject/noun	onderneming/noun	leger/noun	zichzelf/pron	tot/prep	wij/pron	staat_bedrijf/noun	bedrijf/noun	er/adv	bedrijf_terrein/noun
bank/noun	0.0	0.77758116	0.8471781	0.79224974	0.74369216	0.89758563	0.7178205	0.87872016	0.7249787	0.7652368	0.93111604	0.79995286	0.7429986	0.70813113	0.725837	0.8343417	0.79431134	0.81459373	0.82260597	0.79374427	0.7435734	0.8810286	0.60050255	0.8494781	0.5359707	0.84134316	0.7833227	0.9032209	0.80928624	0.84860146	0.7440589	0.87114906	0.885824	0.8158574	0.92751604	0.7666387	0.9234975	0.8810562	0.74431264	0.8747673	0.8309722	0.87335414	0.7961191	0.924819	0.9109537	0.8033724	0.89092517	0.6867063	0.78744435	0.77566046	0.7190029	0.7634089	0.7280799	0.842815	0.78599465	0.8691362	0.7677364	0.8825855	0.7240254	0.590061	0.7659213	0.9171454	0.8816854	0.8536329	0.65270555	0.85491097	0.75228435	0.8261193	0.6236463	0.83074784	0.8869065	0.8995393	0.76423407	0.6901536	0.9022328	0.8285444	0.78870696	0.7901198	0.7641466	0.78066146	0.8050435	0.89440495	0.8845356	0.9191318	0.86782587	0.53099346	0.89265245	0.8260381	0.8786825	0.77648646	0.8913183	0.86513704	0.7876231	0.8615115	0.8241982	0.64916134	0.79602176	0.84926164	0.61875397	0.7275717	0.8329568	0.8961971	0.8551779	0.88167214	0.8121681	0.9162073	0.87308973	0.64238155	0.7634171	0.849815	0.681038	0.7945774	0.7661256	0.90508544	0.8204607	0.84875625	0.6635821	0.8001434	0.722813	0.47166854	0.8855145	0.4753595	0.81281066	0.89663506	0.8845364	0.8347559	0.62064624	0.44038206	0.89271796	0.85808134
overheid_schuld/noun	0.77758116	0.0	0.8079131	0.8378757	0.8820985	0.9149698	0.8760854	0.9235107	0.82036424	0.9354098	0.8852443	0.83572155	0.8870228	0.6728034	0.8468798	0.83252877	0.81016743	0.81163144	0.77672136	0.7141801	0.8545605	0.85646296	0.75471544	0.9199054	0.806008	0.889327	0.8917334	0.9219346	0.8923254	0.8241761	0.86368114	0.89540905	0.937496	0.8007084	0.88086	0.7820331	0.9352218	0.90071106	0.8690714	0.81006	0.925277	0.8041665	0.92166364	0.89796513	0.9097843	0.87423295	0.8688345	0.905763	0.7521924	0.8235017	0.7174095	0.8605365	0.88899165	0.8839084	0.80971205	0.8868014	0.8734348	0.8689933	0.76680446	0.8583051	0.87538373	0.9427433	0.81700057	0.83822787	0.6863791	0.88432854	0.7588506	0.85315925	0.83818066	0.8573327	0.89449936	0.86712015	0.8731613	0.8754202	0.9340738	0.9188775	0.88704425	0.747194	0.76681495	0.8312463	0.85625964	0.9296274	0.901865	0.9131848	0.81513256	0.71966994	0.9086948	0.82863283	0.90341383	0.88955104	0.9192729	0.8953453	0.9023558	0.86208606	0.9141624	0.7708794	0.7979319	0.90914327	0.81518507	0.9080224	0.8926457	0.92627954	0.8870063	0.8442444	0.8279922	0.88670045	0.9160497	0.8288218	0.8275924	0.88371015	0.7584585	0.8853495	0.88556725	0.89010274	0.8308215	0.88381326	0.8423616	0.8428798	0.70290613	0.7617109	0.86538637	0.7420786	0.8797523	0.90228623	0.81862056	0.85164917	0.80803794	0.75927424	0.84887207	0.85761786
ver/adj	0.8471781	0.8079131	0.0	0.7510803	0.8598429	0.8316076	0.89377433	0.8580996	0.8305087	0.9346519	0.80213296	0.82029027	0.88210404	0.78068125	0.8628316	0.8459409	0.75051475	0.8642214	0.8568772	0.7258035	0.8192195	0.8418343	0.820495	0.9483404	0.8537561	0.9069124	0.74623895	0.83349043	0.90521824	0.77922434	0.84930086	0.7883352	0.9469776	0.82374144	0.901592	0.73296607	0.91483444	0.8054266	0.9107154	0.6778532	0.91608053	0.85591865	0.9267504	0.8535634	0.8949297	0.8347581	0.8780389	0.90793097	0.83191323	0.82150495	0.8402225	0.86891353	0.878016	0.7762599	0.74799085	0.89232945	0.8860504	0.74553055	0.74926275	0.9089953	0.8787584	0.9465732	0.8876221	0.77825844	0.69969046	0.8417375	0.7461177	0.7681947	0.8424367	0.75513834	0.86453354	0.8646215	0.9044877	0.8250379	0.933045	0.8845428	0.912707	0.81991893	0.70636225	0.77782536	0.82256854	0.8375393	0.8657264	0.89218503	0.86565536	0.8890447	0.8976872	0.9037152	0.8185202	0.9110624	0.9082175	0.8542387	0.93240184	0.7274754	0.9283782	0.8492938	0.75500643	0.87145966	0.83179	0.9232795	0.8796619	0.9241046	0.8512814	0.8255161	0.91293615	0.8026421	0.8115221	0.8382291	0.8675307	0.8002928	0.8085079	0.87952495	0.88808024	0.8741596	0.75695235	0.7253505	0.8725931	0.8425752	0.87738216	0.8173608	0.8281152	0.8367362	0.9076437	0.86740494	0.81804025	0.7658504	0.8767991	0.8287057	0.83201224	0.82202375
daarom/pp	0.79224974	0.8378757	0.7510803	0.0	0.78955853	0.79314995	0.762499	0.7861149	0.7762079	0.91829926	0.727408	0.6252719	0.76215875	0.8258908	0.8371151	0.7870937	0.5285603	0.83634424	0.78815544	0.7151206	0.82766044	0.81483275	0.79481465	0.87623376	0.80611503	0.8455224	0.72417605	0.8728584	0.8342505	0.66763425	0.80971754	0.66381395	0.8464372	0.8068923	0.8946581	0.8149011	0.86244124	0.808288	0.82602084	0.76201636	0.8436737	0.8803097	0.8630376	0.80760825	0.850318	0.81923276	0.79953873	0.8596018	0.8134797	0.81866944	0.81941426	0.8384609	0.89007604	0.6271332	0.5735878	0.78988653	0.8547893	0.8074533	0.5268842	0.8897305	0.8797653	0.94035614	0.89930236	0.52506113	0.811495	0.81454384	0.7069092	0.745816	0.83233964	0.69601387	0.72560155	0.75526595	0.800289	0.7036827	0.9028827	0.8642478	0.8570688	0.81674016	0.83753335	0.808602	0.7764449	0.74767655	0.8843803	0.8509851	0.78107107	0.82294583	0.9053528	0.90651137	0.8212162	0.8111748	0.880102	0.8195284	0.88699967	0.58257735	0.8746927	0.8179386	0.6569818	0.81423795	0.8146429	0.89711297	0.8111887	0.88401103	0.88210905	0.642138	0.901654	0.7656219	0.824169	0.74775845	0.7325324	0.74310464	0.7642833	0.74758387	0.83245003	0.8694763	0.6766689	0.685067	0.8616915	0.7141279	0.8477843	0.7970661	0.8174635	0.7665026	0.85917234	0.7213228	0.86924064	0.5095842	0.82846826	0.7521288	0.77945703	0.8053646
eerder/noun	0.74369216	0.8820985	0.8598429	0.78955853	0.0	0.8064058	0.73824245	0.7690629	0.8200292	0.8122822	0.92244285	0.8201887	0.79353756	0.8512004	0.8123528	0.82005465	0.840385	0.8553174	0.86523545	0.82328737	0.82582843	0.779618	0.82570446	0.8485304	0.7334626	0.8910973	0.7179582	0.8464083	0.857926	0.8304552	0.84637994	0.8612496	0.82728255	0.82140756	0.88245153	0.80933195	0.89220136	0.9042285	0.8233285	0.85735416	0.8810985	0.8742701	0.86299735	0.92223614	0.8879342	0.7900513	0.89106166	0.8102717	0.7872526	0.7986855	0.85174406	0.79961383	0.81807196	0.8215704	0.8094034	0.89584005	0.80048275	0.84692967	0.7878544	0.7959432	0.8209931	0.8793254	0.83014876	0.8916098	0.7722416	0.82925665	0.81266606	0.7294285	0.6929115	0.74034315	0.82193947	0.8983304	0.85742474	0.7132286	0.8850962	0.891453	0.83263457	0.83710295	0.8381932	0.8438424	0.8244123	0.9266832	0.8664818	0.92163527	0.80799794	0.7901573	0.7725817	0.81636286	0.8084961	0.8701184	0.8776659	0.8809306	0.83094245	0.8835044	0.8142177	0.8161907	0.86041504	0.90069336	0.6935823	0.7146484	0.8616395	0.83316064	0.8314044	0.8791041	0.71979415	0.8806918	0.77940124	0.800681	0.85652673	0.7621117	0.85000134	0.69699	0.82121575	0.8398747	0.8111247	0.82218504	0.8076615	0.8364921	0.7957896	0.65653145	0.8705031	0.72481036	0.7353784	0.85127723	0.8351972	0.872474	0.75978786	0.7095286	0.86912024	0.8768005
voor/comp	0.89758563	0.9149698	0.8316076	0.79314995	0.8064058	0.0	0.8835697	0.83573055	0.92269194	0.8570336	0.7537439	0.7934346	0.93631685	0.93103445	0.8631669	0.8197175	0.69098294	0.89867425	0.8967062	0.86604285	0.8617507	0.6834298	0.8912625	0.92764133	0.89674485	0.895476	0.5997218	0.7885488	0.8825757	0.77588886	0.9079542	0.6647976	0.90064836	0.8990287	0.9003748	0.8947099	0.8196147	0.79801625	0.89010423	0.6744194	0.8846778	0.8509606	0.9368347	0.7429459	0.89361995	0.8088954	0.7957541	0.90590227	0.9209053	0.83137965	0.91981584	0.8583595	0.8838924	0.62300646	0.6156179	0.8743271	0.8665154	0.6591694	0.82219636	0.91077685	0.85482574	0.9330983	0.82620823	0.7236438	0.9127447	0.83298135	0.7566634	0.70626056	0.9111001	0.6642792	0.8689611	0.89842016	0.90437657	0.86054265	0.9374564	0.92260313	0.9095459	0.88089395	0.8445271	0.73563135	0.7818722	0.73928106	0.93736655	0.9069095	0.82328266	0.8967882	0.75274014	0.85743725	0.8942486	0.92286533	0.91373765	0.75665677	0.902807	0.6766817	0.8717782	0.8995075	0.6561964	0.8520192	0.913463	0.94063646	0.91593766	0.8877241	0.8994826	0.81647116	0.85347104	0.8066013	0.7407971	0.8962357	0.85636836	0.7002934	0.922184	0.9000448	0.8955479	0.8557033	0.62107956	0.5879872	0.9091259	0.82989025	0.90849394	0.90271	0.81706804	0.9176666	0.86364675	0.84780693	0.8492018	0.76230854	0.890683	0.8900727	0.73849344	0.83347857
voetbal_bond/noun	0.7178205	0.8760854	0.89377433	0.762499	0.73824245	0.8835697	0.0	0.8636986	0.88214266	0.87985873	0.93528455	0.8450176	0.74341	0.8471689	0.8601408	0.8492186	0.8006305	0.8635808	0.8302787	0.8712673	0.7845858	0.8797669	0.7919863	0.8029926	0.6638011	0.8742814	0.8057761	0.90075487	0.83133954	0.8520167	0.8822921	0.87753636	0.73356616	0.874622	0.90983	0.8852319	0.88472897	0.8881706	0.8261496	0.9139655	0.76012015	0.8940377	0.8093106	0.9447305	0.9176532	0.8565792	0.88483924	0.8342342	0.8540144	0.86440164	0.9308349	0.85111475	0.8617592	0.85366	0.7764678	0.8886176	0.8868041	0.91588324	0.8310532	0.81331336	0.86316633	0.87979394	0.918144	0.8927934	0.87877053	0.82744384	0.87309253	0.7859377	0.8358405	0.7797652	0.8523909	0.84679013	0.8889605	0.64089346	0.8713339	0.9159175	0.8340086	0.8958379	0.9221244	0.91548187	0.84086126	0.9461277	0.90870583	0.8069515	0.87949	0.8427636	0.87354183	0.90887946	0.9160048	0.7915722	0.643692	0.8544513	0.7769276	0.86505485	0.85617054	0.88292265	0.8582836	0.8981269	0.84866315	0.82412654	0.87972504	0.865783	0.8539652	0.80678344	0.8654934	0.8585317	0.865055	0.7936386	0.7675179	0.8429095	0.8845241	0.7663295	0.57531136	0.88747174	0.8423728	0.81354654	0.80723476	0.87317353	0.85535514	0.76846755	0.9240396	0.79892254	0.73687816	0.8818155	0.87294	0.8228893	0.78093964	0.7657262	0.88929445	0.91202074
keer/adv	0.87872016	0.9235107	0.8580996	0.7861149	0.7690629	0.83573055	0.8636986	0.0	0.92332757	0.9050858	0.8475318	0.7859429	0.8736442	0.8976142	0.9066723	0.88219327	0.8023125	0.8831061	0.9001118	0.87775147	0.87017363	0.87426305	0.87964475	0.9117739	0.89709073	0.89664483	0.67425096	0.8620781	0.9160049	0.79100615	0.9019424	0.8543557	0.90223837	0.8616612	0.9222394	0.87435967	0.9189271	0.88952565	0.9187783	0.8244863	0.9188421	0.86980855	0.94893575	0.9117635	0.8677822	0.81484544	0.9128897	0.9281419	0.8354075	0.8199369	0.88915694	0.86105525	0.8885648	0.71133673	0.7792655	0.91757286	0.8558662	0.781056	0.75845426	0.93228054	0.9238831	0.9187026	0.94057584	0.8319981	0.86043453	0.8496523	0.7778066	0.7195596	0.88504636	0.80071676	0.7681801	0.90768415	0.9151778	0.83806837	0.9071369	0.8969097	0.8814461	0.9225601	0.831988	0.81584513	0.83300185	0.8424406	0.9258113	0.9304137	0.8408687	0.9096719	0.83799845	0.915309	0.88257253	0.91926354	0.9094799	0.8625577	0.9139901	0.79853827	0.85725874	0.8863323	0.80076617	0.91641825	0.8709067	0.876104	0.8876003	0.8411657	0.86719507	0.8876941	0.9120254	0.84599745	0.81526136	0.837106	0.8800596	0.7849674	0.91676235	0.804265	0.9012413	0.8648399	0.7552933	0.78208005	0.9023423	0.79838806	0.8545648	0.8599571	0.8871354	0.8791356	0.84895676	0.77448356	0.8898986	0.78484076	0.84311223	0.8811878	0.8491147	0.90139586
activiteit/noun	0.7249787	0.82036424	0.8305087	0.7762079	0.8200292	0.92269194	0.88214266	0.92332757	0.0	0.85488844	0.9167411	0.7711328	0.5663523	0.7638729	0.75147927	0.7834033	0.7595337	0.8209905	0.80852336	0.7857841	0.79319215	0.8836033	0.7460525	0.8684355	0.7274245	0.78698254	0.8543694	0.88035744	0.8503898	0.8250223	0.58166504	0.8937539	0.9124435	0.82054937	0.90074074	0.72414255	0.90316427	0.82273376	0.7762883	0.8786875	0.77842045	0.8757486	0.7401238	0.8815464	0.82703865	0.7367355	0.7783339	0.7844826	0.76078886	0.7467706	0.7215794	0.82221884	0.7036284	0.8734995	0.7974433	0.67180014	0.8062984	0.90435857	0.6978321	0.7006422	0.7238935	0.9222346	0.88844204	0.8554168	0.7574527	0.82109714	0.76301247	0.8590751	0.74787486	0.79775596	0.8191399	0.75629634	0.7281562	0.7977021	0.93454075	0.84426236	0.7103228	0.58499515	0.81589717	0.84279513	0.75916165	0.88686824	0.74732757	0.8353809	0.88161755	0.7359461	0.8665904	0.861303	0.69170743	0.674713	0.8849802	0.87830156	0.86804974	0.8548558	0.8807676	0.7133093	0.7513594	0.77644604	0.77201706	0.84465814	0.7160468	0.9355884	0.8460269	0.8425294	0.8738861	0.8411281	0.8768568	0.68141055	0.7360769	0.9078302	0.6047977	0.85946524	0.82729083	0.88559604	0.83124006	0.89344746	0.7911285	0.77092737	0.82124424	0.6812612	0.7586963	0.5525771	0.84975016	0.90147495	0.8652591	0.8440569	0.71970177	0.5641279	0.8221448	0.7353027
dochter/noun	0.7652368	0.9354098	0.9346519	0.91829926	0.8122822	0.8570336	0.87985873	0.9050858	0.85488844	0.0	0.9302494	0.8901074	0.91288275	0.8995444	0.7987342	0.89386487	0.90606403	0.90898263	0.93069917	0.93445706	0.8700946	0.8798579	0.86966556	0.87749314	0.78451365	0.84023553	0.82097876	0.91708946	0.89936787	0.91597366	0.86074615	0.91235864	0.9563344	0.94389904	0.9419064	0.9064924	0.9436661	0.9419908	0.85387146	0.9382115	0.8881732	0.9014951	0.87920344	0.92499787	0.88355005	0.7335076	0.92129475	0.8021202	0.9210361	0.9050072	0.8380157	0.8625761	0.8206435	0.749972	0.9200849	0.9283212	0.8480221	0.9145176	0.9101855	0.7398969	0.84901285	0.9186131	0.8407868	0.9415044	0.89747596	0.9161253	0.934203	0.91284347	0.8068737	0.8084776	0.9292462	0.9439521	0.8439406	0.866213	0.9129936	0.8896307	0.8501657	0.9091976	0.9068277	0.80571634	0.92954177	0.90107644	0.9349511	0.94243354	0.8936213	0.8547724	0.8265531	0.856941	0.93910515	0.88714397	0.9347062	0.9134806	0.82708424	0.9030645	0.83044726	0.88128585	0.9181442	0.9192108	0.8174224	0.73931026	0.8968782	0.8852634	0.9048973	0.95239836	0.8464592	0.96728253	0.8550053	0.8259766	0.90334	0.8878541	0.93589735	0.8477473	0.879379	0.94003093	0.8785546	0.90383685	0.8307632	0.89778924	0.8322568	0.7826269	0.9449486	0.8046498	0.85704005	0.88539743	0.9148771	0.89919573	0.7872951	0.7922102	0.94736457	0.9233455
maar/adv	0.93111604	0.8852443	0.80213296	0.727408	0.92244285	0.7537439	0.93528455	0.8475318	0.9167411	0.9302494	0.0	0.75098306	0.94702554	0.89590085	0.8812639	0.88121486	0.76150036	0.91541123	0.8856294	0.9037996	0.92149943	0.76825947	0.9058739	0.96451235	0.9450327	0.9033748	0.7928985	0.85264254	0.92422354	0.70654786	0.94365776	0.6553774	0.96597373	0.90559983	0.902506	0.89607	0.94947	0.8860695	0.9307214	0.79829943	0.9397387	0.6016729	0.970572	0.77900374	0.875953	0.8556856	0.89560443	0.9289177	0.9005979	0.8672799	0.85627997	0.91115785	0.93210423	0.60592985	0.70261896	0.91795677	0.9031636	0.7100046	0.7794769	0.9340804	0.9300569	0.9582109	0.85869527	0.59317935	0.9093339	0.8834813	0.81698155	0.86400956	0.92217946	0.80330586	0.8678093	0.92140526	0.8887267	0.92650217	0.93928987	0.8978958	0.8992139	0.8903526	0.8208606	0.7272626	0.904511	0.5757822	0.94294006	0.90176344	0.8116417	0.9094351	0.90252596	0.8637675	0.9285524	0.9467986	0.8507032	0.8579427	0.956563	0.5852641	0.93990785	0.8987345	0.77553093	0.9141419	0.8924984	0.96719	0.8986724	0.8733119	0.93059826	0.8894464	0.93817574	0.90514857	0.8172755	0.90890425	0.921149	0.74276227	0.91090286	0.9380725	0.89659274	0.9212246	0.7491981	0.72053385	0.92024034	0.74920976	0.88095844	0.9095136	0.8848865	0.8999076	0.9539873	0.77452236	0.87017864	0.6206604	0.9151197	0.9100152	0.6779902	0.9006834
namelijk/adv	0.79995286	0.83572155	0.82029027	0.6252719	0.8201887	0.7934346	0.8450176	0.7859429	0.7711328	0.8901074	0.75098306	0.0	0.79288137	0.7981057	0.7901225	0.80246985	0.6409791	0.81026393	0.7938429	0.78976697	0.82224876	0.7799405	0.7901484	0.89059967	0.8259805	0.7752603	0.7467247	0.838517	0.8784931	0.5969413	0.76234376	0.7199782	0.8832848	0.8527176	0.8691158	0.7748904	0.9070387	0.8127727	0.8591613	0.7740824	0.861029	0.78967416	0.88248986	0.79791456	0.7900101	0.74685496	0.8333489	0.84871346	0.7889751	0.7225466	0.74050295	0.82506424	0.81287986	0.6615298	0.70388186	0.7969165	0.81074935	0.80391115	0.4363786	0.8664226	0.82170177	0.9072567	0.89028025	0.54078543	0.79931253	0.7636291	0.6085043	0.81893885	0.8389442	0.73933244	0.7419019	0.82103604	0.744555	0.8498162	0.9252922	0.8483926	0.79856014	0.7872324	0.7805548	0.7187989	0.7687597	0.7101783	0.85921687	0.8748636	0.80193394	0.7699861	0.8197566	0.86109054	0.77667785	0.8417376	0.8557004	0.7657629	0.8624707	0.7133255	0.8743516	0.7743498	0.6573117	0.821999	0.8101467	0.9228448	0.78654015	0.84760344	0.8770644	0.82555664	0.8767123	0.81882936	0.78966296	0.7728728	0.7602793	0.78206664	0.747457	0.74583685	0.85137296	0.8339108	0.699226	0.77555126	0.87720114	0.60234964	0.78993446	0.79298466	0.7777791	0.7183576	0.87990886	0.7302668	0.88161695	0.6539799	0.7819599	0.72908545	0.68050194	0.8037868
organisatie/noun	0.7429986	0.8870228	0.88210404	0.76215875	0.79353756	0.93631685	0.74341	0.8736442	0.5663523	0.91288275	0.94702554	0.79288137	0.0	0.8000238	0.7488637	0.725101	0.76171136	0.81401134	0.78617954	0.824202	0.8007022	0.87839633	0.78562033	0.8002788	0.73658895	0.78719383	0.8655646	0.9110306	0.8798794	0.8454847	0.5452373	0.87986803	0.8666825	0.82048714	0.9248575	0.7647846	0.870352	0.8494355	0.80873656	0.8977009	0.7486452	0.90464634	0.68706167	0.9242242	0.83153665	0.7389722	0.8456209	0.8414262	0.77053976	0.7798022	0.8026916	0.8529143	0.73029196	0.8704282	0.7914572	0.7007232	0.8567108	0.94286966	0.72173405	0.7669852	0.8412015	0.88856536	0.91860604	0.8871424	0.8686167	0.79817486	0.82277787	0.8777837	0.83768034	0.8053554	0.82448614	0.73632115	0.8024903	0.7502873	0.91001666	0.8525268	0.63432276	0.76540804	0.90760064	0.8773549	0.79183203	0.93516046	0.7855835	0.8399848	0.862756	0.8167967	0.86254406	0.87046295	0.7399534	0.65315	0.8551495	0.8617519	0.8221308	0.86396307	0.871931	0.80083984	0.82645017	0.862527	0.83846337	0.89975077	0.72714627	0.9088673	0.840284	0.7788974	0.89364564	0.8504558	0.85692334	0.6438482	0.639284	0.9043384	0.65983397	0.78083396	0.78233516	0.89834493	0.83999896	0.88464147	0.8214542	0.78253806	0.86507857	0.7556664	0.84952116	0.5829829	0.7216092	0.8429236	0.9102746	0.7904811	0.7319044	0.60571843	0.86584014	0.8347477
economie/noun	0.70813113	0.6728034	0.78068125	0.8258908	0.8512004	0.93103445	0.8471689	0.8976142	0.7638729	0.8995444	0.89590085	0.7981057	0.8000238	0.0	0.77066547	0.80337405	0.8210273	0.6595439	0.7082859	0.72306275	0.7902244	0.90717906	0.60581625	0.91190743	0.7272169	0.8479314	0.9002458	0.89807415	0.9235392	0.8274398	0.7757312	0.8902821	0.9334202	0.7424685	0.9097674	0.6238686	0.94125336	0.8220502	0.8151118	0.7823999	0.9074558	0.88594675	0.8409946	0.8765493	0.88827884	0.752349	0.8826984	0.87579054	0.70280516	0.78528583	0.7374291	0.7971886	0.7744055	0.89994353	0.83716035	0.79989475	0.80465853	0.8295151	0.69734067	0.8167722	0.80512065	0.9430869	0.8743942	0.8241812	0.63844657	0.81136745	0.69472384	0.8465244	0.7692425	0.8360263	0.8861312	0.801124	0.8004588	0.8734291	0.9474568	0.88289386	0.81309766	0.697148	0.7299992	0.77948785	0.83838946	0.9060848	0.7678253	0.86959684	0.8873146	0.7849534	0.91522735	0.9193953	0.7900911	0.8288719	0.84447813	0.8765529	0.86151034	0.8708421	0.91260296	0.5698428	0.79358304	0.9099358	0.74926984	0.8640149	0.74520046	0.931901	0.85154617	0.8272919	0.8550642	0.856604	0.86341697	0.68278587	0.7972934	0.8840401	0.54583067	0.81664956	0.84104466	0.84545684	0.8413602	0.91473836	0.7570771	0.79805994	0.8023198	0.66541386	0.896679	0.6331095	0.7844338	0.89365256	0.8726896	0.86603075	0.7349688	0.66473347	0.87276566	0.8578525
familie_bedrijf/noun	0.725837	0.8468798	0.8628316	0.8371151	0.8123528	0.8631669	0.8601408	0.9066723	0.75147927	0.7987342	0.8812639	0.7901225	0.7488637	0.77066547	0.0	0.82266265	0.8250834	0.78332293	0.82016337	0.84988177	0.78020525	0.79997414	0.78737676	0.8227941	0.7539848	0.8488069	0.83226717	0.84209806	0.8206269	0.8047783	0.72765	0.8407033	0.9034403	0.89988816	0.90996045	0.7684057	0.8860787	0.8518746	0.76522547	0.8511013	0.8002962	0.829258	0.750059	0.87966204	0.8261124	0.75288314	0.8469274	0.7592029	0.8121842	0.77213854	0.7713716	0.7501168	0.76652277	0.84971166	0.8397253	0.80509186	0.72859347	0.85076034	0.78607005	0.6627805	0.69686526	0.8817703	0.79409546	0.846972	0.81695485	0.8379344	0.77707666	0.846624	0.71319777	0.75063866	0.84287304	0.84311247	0.6811191	0.8328271	0.8695174	0.8286134	0.7714485	0.7472638	0.83929646	0.812531	0.8026864	0.8663609	0.815048	0.84578174	0.85103214	0.79602057	0.86545116	0.8152894	0.79342484	0.7974039	0.8678186	0.86746854	0.7872926	0.8533271	0.8428408	0.7392895	0.8140448	0.8350054	0.6976639	0.79896784	0.7586132	0.85397506	0.8689529	0.8965317	0.8028586	0.8846094	0.84707826	0.6931445	0.8071306	0.85377735	0.73903877	0.8457004	0.7647528	0.89392227	0.8304237	0.8862318	0.7135581	0.8018006	0.82344246	0.61864746	0.84427106	0.55183285	0.8423984	0.8543638	0.8289556	0.84307635	0.63669735	0.5423502	0.8640897	0.7872312
binnen/prep	0.8343417	0.83252877	0.8459409	0.7870937	0.82005465	0.8197175	0.8492186	0.88219327	0.7834033	0.89386487	0.88121486	0.80246985	0.725101	0.80337405	0.82266265	0.0	0.78949815	0.83689535	0.82433873	0.7730222	0.832001	0.8059318	0.7997203	0.8664082	0.8305663	0.83516777	0.8746608	0.9029446	0.8669354	0.75151384	0.7823122	0.834367	0.8836362	0.7904056	0.9178061	0.73226154	0.9014878	0.85299075	0.848012	0.8224269	0.809003	0.7637086	0.79973304	0.8407433	0.8904072	0.76827174	0.8454771	0.85584897	0.81037956	0.7680428	0.839853	0.8755916	0.80540067	0.9125343	0.7726691	0.83013767	0.8612992	0.8829809	0.7516885	0.82117623	0.85335064	0.90758157	0.79898465	0.86080706	0.8316905	0.77851856	0.7628864	0.8371249	0.8350954	0.7639077	0.8531657	0.8049822	0.86151665	0.7727628	0.92937005	0.8910143	0.7957903	0.85447395	0.86977684	0.8522306	0.7772602	0.9232319	0.7950942	0.863603	0.79537016	0.8366458	0.8805884	0.82833093	0.7675344	0.7805707	0.89556015	0.8169085	0.86001456	0.8638797	0.8724429	0.8173854	0.7814439	0.8550991	0.83375037	0.8671051	0.8332684	0.91399324	0.7746093	0.78690857	0.8481684	0.8126719	0.8783879	0.731672	0.72540736	0.83531916	0.74049526	0.7499981	0.83658993	0.8967339	0.84496	0.8405095	0.86485606	0.7953319	0.8481945	0.8071926	0.82217443	0.7588384	0.78432345	0.9048438	0.79705447	0.85896415	0.80626315	0.75908566	0.8269515	0.8252716
om/comp	0.79431134	0.81016743	0.75051475	0.5285603	0.840385	0.69098294	0.8006305	0.8023125	0.7595337	0.90606403	0.76150036	0.6409791	0.76171136	0.8210273	0.8250834	0.78949815	0.0	0.8050264	0.78712267	0.7032545	0.79131526	0.8053183	0.7728132	0.8996611	0.8023912	0.8079618	0.6651244	0.8346157	0.8525603	0.6229845	0.7625015	0.745909	0.8706078	0.8130716	0.8814198	0.8056156	0.80372536	0.75615734	0.81884533	0.7058407	0.85289055	0.84481496	0.89403933	0.76427925	0.86145097	0.73683226	0.79880726	0.8668051	0.7882276	0.7912554	0.769701	0.8098713	0.872056	0.62329435	0.54441667	0.78085554	0.84775543	0.7292347	0.57510626	0.8783991	0.8458421	0.9452302	0.91203517	0.6241821	0.8148048	0.8053348	0.62694526	0.7099756	0.8603097	0.7210741	0.7638031	0.774387	0.83765787	0.7466584	0.9096029	0.87158316	0.8362767	0.7943959	0.7713158	0.7728178	0.7464989	0.722439	0.8694968	0.86087686	0.80917835	0.7766654	0.85390425	0.88027745	0.80608803	0.79821193	0.8897628	0.71601766	0.89391804	0.6059288	0.87710166	0.7991049	0.5484216	0.80322367	0.8453027	0.9274445	0.80425084	0.87917525	0.87183225	0.66450596	0.91876024	0.7516455	0.7852609	0.7378986	0.7312735	0.7213221	0.77471864	0.8387208	0.82073414	0.8312849	0.5706835	0.6504889	0.85282385	0.72622	0.824151	0.8040701	0.7999891	0.742225	0.7780372	0.71554726	0.8157974	0.58855	0.8043506	0.7179575	0.7262429	0.7833517
staal_industrie/noun	0.81459373	0.81163144	0.8642214	0.83634424	0.8553174	0.89867425	0.8635808	0.8831061	0.8209905	0.90898263	0.91541123	0.81026393	0.81401134	0.6595439	0.78332293	0.83689535	0.8050264	0.0	0.72007096	0.79908645	0.81092703	0.85428274	0.7093297	0.90046346	0.7476794	0.87001234	0.87986743	0.9206885	0.8998244	0.8408299	0.7986282	0.8632785	0.92397684	0.83349097	0.9081966	0.75969815	0.9190118	0.85453904	0.79033273	0.8465644	0.903164	0.87397295	0.86584777	0.88787305	0.90787995	0.8480543	0.888914	0.88164896	0.77962977	0.7962955	0.82274723	0.83152294	0.82014817	0.8698808	0.82807213	0.8804152	0.8040168	0.9025409	0.7806526	0.8265786	0.7449845	0.9363431	0.8723668	0.8432487	0.78431535	0.8701458	0.787148	0.85352254	0.82334393	0.8269597	0.87260306	0.87950015	0.81645834	0.8403034	0.92210674	0.86346674	0.8538311	0.79102975	0.8299873	0.82997763	0.8459552	0.902134	0.8308921	0.88015234	0.877481	0.8199071	0.90588236	0.8802916	0.8401899	0.8718054	0.89475584	0.8530413	0.87004095	0.8479489	0.92987794	0.7610473	0.8292326	0.86232525	0.81652856	0.90673214	0.8782391	0.9169705	0.88237923	0.84749174	0.8846729	0.87085056	0.87043303	0.7970866	0.84961414	0.8794297	0.6833866	0.8502747	0.8514849	0.8630626	0.8483708	0.9029919	0.7915669	0.860241	0.82505125	0.7332411	0.8942032	0.7062776	0.8182822	0.84648	0.8760914	0.8404151	0.76044184	0.6861422	0.86716336	0.8579018
landbouw_sector/noun	0.82260597	0.77672136	0.8568772	0.78815544	0.86523545	0.8967062	0.8302787	0.9001118	0.80852336	0.93069917	0.8856294	0.7938429	0.78617954	0.7082859	0.82016337	0.82433873	0.78712267	0.72007096	0.0	0.78792477	0.81946623	0.86033636	0.712224	0.9101061	0.7943319	0.8552087	0.8694584	0.8958636	0.8715635	0.8081527	0.8257805	0.8455706	0.9155384	0.83723086	0.89317834	0.76499164	0.9034524	0.85515344	0.8376124	0.8528736	0.8933968	0.87024724	0.86597204	0.86431307	0.8850311	0.81416637	0.8695144	0.8800979	0.7948048	0.8342736	0.82609624	0.8577773	0.8537916	0.835607	0.7943899	0.8626014	0.8345215	0.87535423	0.74570316	0.8413902	0.8208003	0.9289919	0.8683372	0.819296	0.7753765	0.8483529	0.7640161	0.8584962	0.8136292	0.822611	0.862073	0.8241104	0.82943064	0.80159295	0.9165381	0.87630147	0.8450748	0.8039272	0.8132489	0.81050086	0.828114	0.89427555	0.79083115	0.88679004	0.85949993	0.8250356	0.90561235	0.881421	0.7946935	0.83574164	0.89995617	0.84036165	0.89001274	0.8255334	0.9037166	0.78328335	0.79575896	0.8621543	0.7982125	0.9129373	0.8613228	0.9186014	0.87764746	0.84639764	0.8844324	0.85649717	0.86294335	0.7924521	0.76246405	0.86212146	0.6438204	0.8701622	0.84370863	0.8461673	0.824119	0.8552438	0.83641744	0.80340695	0.8038418	0.7797787	0.8648629	0.7434215	0.8468875	0.84164476	0.879699	0.79933757	0.79484373	0.73932445	0.8242899	0.8419744
drastisch/adj	0.79374427	0.7141801	0.7258035	0.7151206	0.82328737	0.86604285	0.8712673	0.87775147	0.7857841	0.93445706	0.9037996	0.78976697	0.824202	0.72306275	0.84988177	0.7730222	0.7032545	0.79908645	0.78792477	0.0	0.7770073	0.8817466	0.71961224	0.9030892	0.7622728	0.85191524	0.83786166	0.8910042	0.881441	0.7553758	0.8257581	0.84856504	0.9138092	0.7563199	0.8755413	0.7660222	0.9017618	0.85889417	0.8445549	0.7051462	0.90302306	0.879336	0.8713919	0.858279	0.91596943	0.8039462	0.8182924	0.86710143	0.72387314	0.77142495	0.78642184	0.79986286	0.86048466	0.8640082	0.70230645	0.8474723	0.8205705	0.85331905	0.6662821	0.8493002	0.80336356	0.9537582	0.85623646	0.80212295	0.4782638	0.8056158	0.64164615	0.8118131	0.7730048	0.80365896	0.8705319	0.8338968	0.8394108	0.74706495	0.93717664	0.893724	0.8904521	0.70063424	0.6092757	0.8040441	0.78113407	0.8952455	0.8473657	0.8908321	0.8572625	0.7844228	0.8648188	0.8692729	0.82604593	0.837001	0.93242353	0.8179625	0.90623	0.8374008	0.8928771	0.7975222	0.7165967	0.7920597	0.78405344	0.86538	0.832598	0.9405544	0.8710929	0.6533103	0.84923834	0.60945	0.87677556	0.7303664	0.7598258	0.8415321	0.68739223	0.811183	0.90424824	0.82355434	0.7982107	0.8419365	0.8652445	0.81020933	0.80196226	0.7303009	0.8150989	0.74200404	0.8592895	0.863366	0.7800394	0.84816974	0.7798925	0.73698926	0.8190382	0.8042679
spoor_weg/noun	0.7435734	0.8545605	0.8192195	0.82766044	0.82582843	0.8617507	0.7845858	0.87017363	0.79319215	0.8700946	0.92149943	0.82224876	0.8007022	0.7902244	0.78020525	0.832001	0.79131526	0.81092703	0.81946623	0.7770073	0.0	0.8806383	0.76501024	0.8336282	0.64846826	0.8852089	0.8110682	0.8769808	0.85030043	0.84016645	0.7298528	0.87174517	0.8928139	0.8684931	0.908242	0.8029413	0.8152523	0.8476864	0.7958193	0.83390427	0.8360524	0.87700677	0.80644286	0.8973255	0.9121703	0.7541254	0.8601051	0.8031647	0.84484076	0.7645448	0.85213625	0.7668144	0.7689981	0.87112457	0.7958118	0.83879894	0.79951715	0.88129115	0.7470978	0.7285892	0.67260957	0.9322983	0.9018234	0.8806772	0.78954124	0.77926826	0.7274708	0.8176322	0.7887211	0.79628515	0.88630426	0.87153393	0.8475417	0.72078645	0.8994989	0.8690619	0.8610272	0.8239165	0.8352223	0.8380294	0.775332	0.89168125	0.8068694	0.86803347	0.8779135	0.80923384	0.8472858	0.83419347	0.75180006	0.7810463	0.89324486	0.8406184	0.77996624	0.8755485	0.7947354	0.80923575	0.73924685	0.7241804	0.8193079	0.8281423	0.84391034	0.89454514	0.8559073	0.8034605	0.88515866	0.8094283	0.80231094	0.74124235	0.74584466	0.8768387	0.7362063	0.79344547	0.8457716	0.84185207	0.8250935	0.846331	0.7918129	0.8509261	0.826941	0.73687375	0.6290877	0.7085043	0.78310394	0.90494114	0.8842221	0.86329985	0.65685546	0.66906387	0.83784366	0.69163406
al/adv	0.8810286	0.85646296	0.8418343	0.81483275	0.779618	0.6834298	0.8797669	0.87426305	0.8836033	0.8798579	0.76825947	0.7799405	0.87839633	0.90717906	0.79997414	0.8059318	0.8053183	0.85428274	0.86033636	0.8817466	0.8806383	0.0	0.83947325	0.9085502	0.84504974	0.9081977	0.8476737	0.83257604	0.8770702	0.82315737	0.89374983	0.6832849	0.92823637	0.8831552	0.88099533	0.87555903	0.875027	0.78892255	0.85122085	0.8126781	0.893	0.73344314	0.91097	0.7326257	0.87277853	0.8866082	0.7749682	0.8883269	0.8944028	0.8665375	0.89411163	0.84387773	0.8901883	0.7227032	0.79525036	0.87768626	0.8381049	0.76568705	0.7637757	0.8460852	0.84111357	0.9102937	0.61653066	0.757867	0.8625395	0.8873905	0.82559353	0.7540503	0.8369942	0.6574326	0.8524171	0.8852436	0.87341326	0.84960294	0.91146266	0.88577443	0.83214056	0.8753538	0.83314633	0.8087654	0.8740012	0.8482171	0.909425	0.8963947	0.8155416	0.8694878	0.8265622	0.7504489	0.89437795	0.8805244	0.89032805	0.8763703	0.89607596	0.66638803	0.9105881	0.8967986	0.7946006	0.8690206	0.8370422	0.89802504	0.9146842	0.82894135	0.87845725	0.88954514	0.77876425	0.84651995	0.79704297	0.8796734	0.8849706	0.8134309	0.86695755	0.90751135	0.81684655	0.85918474	0.8064934	0.7804535	0.87859553	0.8314807	0.8593012	0.8103231	0.81307936	0.82740986	0.8892006	0.86963296	0.797193	0.73393404	0.84279436	0.79790056	0.6834123	0.8596561
bank_sector/noun	0.60050255	0.75471544	0.820495	0.79481465	0.82570446	0.8912625	0.7919863	0.87964475	0.7460525	0.86966556	0.9058739	0.7901484	0.78562033	0.60581625	0.78737676	0.7997203	0.7728132	0.7093297	0.712224	0.71961224	0.76501024	0.83947325	0.0	0.83131605	0.6854619	0.8093736	0.854839	0.89157623	0.8529316	0.811014	0.79875696	0.85822654	0.89681023	0.776435	0.9007838	0.70185435	0.92137325	0.8188373	0.79288316	0.82414925	0.87271583	0.8581082	0.8466219	0.8835144	0.8949599	0.799892	0.8463012	0.74918556	0.73209244	0.7584616	0.75420225	0.77669865	0.8163733	0.86454815	0.7943634	0.84267807	0.7679741	0.8404751	0.70767915	0.74238133	0.7961828	0.9309592	0.85349363	0.8396517	0.6634251	0.84724844	0.72097695	0.80815184	0.68761826	0.7846869	0.856943	0.8152277	0.7986852	0.71064854	0.93199265	0.8628833	0.81544346	0.7548031	0.7588101	0.8133664	0.8111179	0.9117863	0.8000062	0.8708718	0.8620615	0.7363434	0.8982096	0.860059	0.81316715	0.8067901	0.8828094	0.83759046	0.82400006	0.8384183	0.8739058	0.66017044	0.77230525	0.8720366	0.70185757	0.80863214	0.8291131	0.90541786	0.82948124	0.8075165	0.811589	0.8514894	0.85068893	0.6881748	0.7723255	0.85915375	0.52383506	0.8202782	0.8310134	0.8494624	0.81866944	0.8620089	0.73345244	0.79822195	0.7969749	0.62351525	0.8505346	0.6146622	0.80377984	0.8790109	0.8504102	0.83440834	0.70504487	0.60509646	0.8296353	0.8561405
Belgische/name	0.8494781	0.9199054	0.9483404	0.87623376	0.8485304	0.92764133	0.8029926	0.9117739	0.8684355	0.87749314	0.96451235	0.89059967	0.8002788	0.91190743	0.8227941	0.8664082	0.8996611	0.90046346	0.9101061	0.9030892	0.8336282	0.9085502	0.83131605	0.0	0.82623285	0.9014617	0.9024022	0.906975	0.85663754	0.9018483	0.8711973	0.9281272	0.82956	0.91489893	0.92577314	0.87454	0.88952297	0.8989802	0.8770956	0.92874134	0.7641864	0.91261417	0.7062955	0.96887535	0.8534655	0.83220565	0.88509375	0.77778244	0.9055382	0.8945781	0.90815085	0.8206738	0.8735396	0.91878426	0.9015128	0.9016701	0.83209413	0.93805623	0.8870164	0.77646095	0.88052005	0.80326307	0.913672	0.9271681	0.8936228	0.8596443	0.90253466	0.85997576	0.7923858	0.8272928	0.9101917	0.88604796	0.88767874	0.75902694	0.90783334	0.9285723	0.8721757	0.8787791	0.9141637	0.91293234	0.8986264	0.9599167	0.87412536	0.89724827	0.9124699	0.892519	0.9020216	0.8937017	0.924322	0.85700274	0.8649032	0.90825415	0.6559359	0.9183873	0.8208726	0.90890473	0.90757567	0.897703	0.8126223	0.7599657	0.8736901	0.88587695	0.8746394	0.8823473	0.8262971	0.9037923	0.8997289	0.80936396	0.835423	0.8953618	0.89197373	0.8002969	0.8438045	0.93386847	0.92490184	0.9102273	0.791143	0.9128481	0.9093818	0.82038254	0.90526825	0.81912494	0.89152914	0.9285094	0.89402014	0.90193105	0.81402814	0.80548894	0.91469413	0.9068401
luchtvaart_maatschappij/noun	0.5359707	0.806008	0.8537561	0.80611503	0.7334626	0.89674485	0.6638011	0.89709073	0.7274245	0.78451365	0.9450327	0.8259805	0.73658895	0.7272169	0.7539848	0.8305663	0.8023912	0.7476794	0.7943319	0.7622728	0.64846826	0.84504974	0.6854619	0.82623285	0.0	0.87129706	0.83065766	0.91012186	0.8355127	0.8677539	0.7156286	0.8881937	0.8679988	0.8230774	0.9101075	0.71525896	0.8977111	0.879701	0.4968602	0.87304866	0.82835674	0.86304057	0.8022255	0.9224988	0.907743	0.82330656	0.8724146	0.7338282	0.810321	0.81940764	0.8314056	0.72428524	0.7648065	0.8758473	0.8109092	0.8534717	0.73602545	0.908172	0.73749304	0.6501665	0.71219313	0.9148512	0.85048014	0.8817356	0.698018	0.83449745	0.76219743	0.8183458	0.6610895	0.78462434	0.8813381	0.884086	0.7319054	0.64679366	0.8934488	0.82085556	0.7793597	0.7696215	0.79131997	0.82885545	0.8284011	0.92696416	0.8368988	0.8954343	0.8676937	0.7295786	0.872401	0.81881946	0.830441	0.7775033	0.87347376	0.8627856	0.73848295	0.88247395	0.84010464	0.73090225	0.82171005	0.84845686	0.67048407	0.73396933	0.84679323	0.8770833	0.8703324	0.8727008	0.7877971	0.89106965	0.8223183	0.7172568	0.8095205	0.8474227	0.71307206	0.77870715	0.74722314	0.8794292	0.85160387	0.87561375	0.64931333	0.8497704	0.78075445	0.52000004	0.8089053	0.5197672	0.73154426	0.8957695	0.8485317	0.8563432	0.5791825	0.47629035	0.87819546	0.84089136
huishouding/noun	0.84134316	0.889327	0.9069124	0.8455224	0.8910973	0.895476	0.8742814	0.89664483	0.78698254	0.84023553	0.9033748	0.7752603	0.78719383	0.8479314	0.8488069	0.83516777	0.8079618	0.87001234	0.8552087	0.85191524	0.8852089	0.9081977	0.8093736	0.9014617	0.87129706	0.0	0.8635045	0.9093786	0.93629926	0.8456433	0.82497203	0.87703	0.94514346	0.88370013	0.9125756	0.8440014	0.9110549	0.89155704	0.89412093	0.8849546	0.8296063	0.86653113	0.8561035	0.91150856	0.8916885	0.7762526	0.8804468	0.87718743	0.8292854	0.830164	0.7701899	0.8708577	0.8829799	0.8294139	0.81372446	0.82032824	0.87357855	0.8873666	0.77463853	0.881355	0.87181234	0.9073256	0.912887	0.83460474	0.85730827	0.87545484	0.81745994	0.89768547	0.87551254	0.86304796	0.8735099	0.82901305	0.85829616	0.8668647	0.93251336	0.8900108	0.85586536	0.8216088	0.8747643	0.8380103	0.8575321	0.86824656	0.873578	0.8942654	0.87396395	0.81138945	0.8962672	0.8894531	0.8339422	0.8166714	0.8890827	0.8518827	0.9182933	0.8622596	0.89308816	0.83670086	0.809608	0.8710415	0.88265663	0.91725636	0.81687295	0.90998805	0.8860468	0.8560115	0.9062366	0.8685089	0.87697345	0.7889985	0.77488256	0.8873581	0.79732645	0.8517021	0.86267245	0.8823398	0.84027064	0.8700166	0.87746805	0.8055769	0.82640064	0.83330554	0.8733636	0.77220774	0.88657117	0.8693091	0.8808897	0.8502529	0.84785694	0.7929089	0.8633152	0.88121986
vervolgens/adv	0.7833227	0.8917334	0.74623895	0.72417605	0.7179582	0.5997218	0.8057761	0.67425096	0.8543694	0.82097876	0.7928985	0.7467247	0.8655646	0.9002458	0.83226717	0.8746608	0.6651244	0.87986743	0.8694584	0.83786166	0.8110682	0.8476737	0.854839	0.9024022	0.83065766	0.8635045	0.0	0.77401716	0.870053	0.73243976	0.8165211	0.7833302	0.8710569	0.8617049	0.88942444	0.8457432	0.77942324	0.8270867	0.8681107	0.6713495	0.8107627	0.86090356	0.88323784	0.8365169	0.84046066	0.6688355	0.8440483	0.84694237	0.8599667	0.76868933	0.85184175	0.79623663	0.799477	0.5267837	0.6310941	0.86866593	0.82308155	0.6489812	0.7565518	0.85763574	0.80519736	0.9149958	0.9121848	0.789668	0.82556057	0.7803558	0.6301509	0.62434506	0.8338306	0.6655923	0.74362266	0.8630013	0.8308202	0.8006381	0.90052503	0.874865	0.86970186	0.83170694	0.7275571	0.6421063	0.74845016	0.7314326	0.90133816	0.9010549	0.8338192	0.83855486	0.6933588	0.82013386	0.8287179	0.84407014	0.9125153	0.7792492	0.8860216	0.7122952	0.77765954	0.8174039	0.5737557	0.79290676	0.83741814	0.8977058	0.8663343	0.8057601	0.87161434	0.842398	0.8622711	0.8036947	0.69915843	0.83134365	0.77993566	0.6181845	0.8806857	0.8448898	0.86634606	0.8195232	0.56397665	0.5151699	0.86513495	0.77094185	0.8462066	0.82978725	0.77492124	0.8352076	0.79840803	0.74516755	0.8602991	0.74714947	0.8084402	0.7932371	0.8086385	0.7778532
diep/noun	0.9032209	0.9219346	0.83349043	0.8728584	0.8464083	0.7885488	0.90075487	0.8620781	0.88035744	0.91708946	0.85264254	0.838517	0.9110306	0.89807415	0.84209806	0.9029446	0.8346157	0.9206885	0.8958636	0.8910042	0.8769808	0.83257604	0.89157623	0.906975	0.91012186	0.9093786	0.77401716	0.0	0.92816156	0.820334	0.90807486	0.864073	0.93022007	0.8881791	0.87905407	0.84022427	0.8657562	0.8234343	0.92765045	0.8634703	0.88366526	0.8737991	0.9136661	0.88047105	0.8681231	0.71461004	0.8958957	0.9025792	0.9078141	0.8160457	0.89294493	0.8824029	0.86620367	0.78167236	0.8506725	0.91493565	0.8793252	0.79096735	0.853213	0.8721867	0.8771286	0.91829705	0.8676135	0.8557168	0.8943652	0.8033576	0.79565096	0.76939464	0.90307343	0.82450676	0.86703104	0.90263087	0.911767	0.9096995	0.9177139	0.92944986	0.87226874	0.88886917	0.83996475	0.75742245	0.8741241	0.8238898	0.8792427	0.8912773	0.8861698	0.9218409	0.83696395	0.89673007	0.8374045	0.9330452	0.862029	0.8585793	0.86536443	0.82194835	0.9129565	0.877367	0.7721337	0.89175886	0.907709	0.93339664	0.9246215	0.84468913	0.8600956	0.9064207	0.9007695	0.8798696	0.7589925	0.9112925	0.9157488	0.8579537	0.9033074	0.9160341	0.86486375	0.87053096	0.8121565	0.8117381	0.89150226	0.8136221	0.90223306	0.8992949	0.867428	0.9083826	0.88255346	0.88693935	0.8290351	0.8454933	0.8940948	0.9054629	0.84874356	0.88096225
