	gericht/adj	bijzonder/adj	commentaar/noun	Magda/name	dit/det	nog/adv	gegeven/noun	signaal/noun	begin/noun	wel/adv	reactie/noun	Dekker/name	Bodson/name	Faber/name	dat/comp	teneur/noun	strohalm/noun	Priscilla/name	tegelijk/adj	Christian/name	integratie/noun	Koffrie/name	ouder/noun	tendens/noun	zeer/adv	buitengewoon/adj	zo/adv	brief/noun	dorp_DIM/noun	aanblik/noun	wanhoop/noun	weekeinde/noun	coach/noun	dichter/noun	aangeschaft/adj	Europees/adj	debuut/noun	De/name	buurtbewoner/noun	woordvoerder/noun	hacker/noun	uitslag/noun	oppositie/noun	erg/adj	boodschap/noun	het/noun	feestganger/noun	blik/noun	verandering/noun	iedereen/pron	realiteit/noun	ze/pron	einde/noun	constatering/noun	terugkeer/noun	bewoording/noun	trip/noun	Midden-Oosten/name	student/noun	titelstrijd/noun	echt/adj	men/pron	opnieuw/adv	ontzettend/adj	voorbeeld/noun	ontwikkeling/noun	analist/noun	geluid/noun	gelijkspel/noun	Wotte/name	auteur/noun	verwachting/noun	Freddy/name	mevrouw/noun	Demol/name	ik/pron	perspectief/noun	wending/noun	zege/noun	dat/det	Cédric/name	steeds/adv	Buurmeijer/name	Declercq/name	rots/noun	verklaring/noun	u/pron	mij/pron	hij/pron	we/pron	markt/noun	even/adj	me/pron	weinig/adj	toekomst/noun	gestemd/adj	rest/noun	teken/noun	veel/noun	kant/noun	Wijk/name	ondertitel/noun	kwartaal/noun	week/noun	zomermaand/noun	boek/noun	wat/pron	aanvang/noun	indicator/noun	herdershond/noun	ABVV/name	Rob/name	Hezbollah/name	vertrouwen/noun	Van/name	iets/adv	Wall/name	minder/adj	wij/pron	Standaard/name	geschiedenis/noun	team/noun
gericht/adj	0.0	0.80535394	0.89770186	0.9381387	0.8581898	0.91214174	0.7767679	0.7898249	0.93296075	0.8982169	0.80244917	0.93605715	0.9096858	0.88263756	0.8543856	0.8633253	0.88238025	0.9354285	0.7508452	0.9562971	0.65875214	0.9131728	0.83116955	0.76220644	0.76273763	0.814464	0.88306904	0.87695134	0.89642286	0.86388123	0.8445258	0.88998806	0.9273655	0.9057064	0.90401447	0.7804882	0.9394421	0.98067164	0.852443	0.93269473	0.7670407	0.948054	0.8128612	0.8739183	0.8157172	0.91792107	0.8698606	0.8120245	0.7668518	0.89468193	0.82033885	0.87089896	0.9074394	0.84159714	0.83988625	0.8219935	0.88924026	0.7444484	0.7499132	0.9205252	0.8819923	0.82648116	0.874659	0.8802979	0.8176512	0.6611123	0.888847	0.837697	0.9488425	0.9061306	0.8817561	0.86028683	0.96567553	0.9318067	0.92275774	0.91664714	0.70697904	0.8754126	0.94932157	0.8838523	0.95861214	0.7590176	0.9346049	0.9483304	0.89225227	0.86619073	0.91995156	0.91603065	0.88882244	0.8468533	0.75911826	0.90596855	0.9255951	0.7888792	0.824229	0.884408	0.885183	0.81023914	0.8544295	0.8769773	0.9152137	0.8795843	0.927677	0.91557276	0.8306712	0.897495	0.90320605	0.9143114	0.7961992	0.88508856	0.8777451	0.94873315	0.7663544	0.8372067	0.98681664	0.8505825	0.9100033	0.8081603	0.8133001	0.9136643	0.8310094	0.8577064
bijzonder/adj	0.80535394	0.0	0.8642903	0.9176382	0.7688143	0.847028	0.8144053	0.8613594	0.91058356	0.7295572	0.81097037	0.9074098	0.87533975	0.8843857	0.833741	0.81209254	0.8906622	0.91351485	0.6666672	0.94621575	0.81149036	0.9048226	0.8531867	0.80453855	0.3717742	0.32041436	0.6407872	0.9051568	0.9084718	0.767089	0.88887143	0.89228517	0.91598034	0.8430794	0.8986911	0.86731297	0.8197464	0.9789843	0.85636765	0.9707435	0.8491613	0.9033615	0.8814553	0.4147023	0.8410128	0.74600124	0.8764232	0.80886734	0.8263624	0.797908	0.8121725	0.81318724	0.89820284	0.7805425	0.8904133	0.7615452	0.8505736	0.8698761	0.8486835	0.87903124	0.6868305	0.80070764	0.86945796	0.56003606	0.80560267	0.76683843	0.8667526	0.75388014	0.8834096	0.8803457	0.81363314	0.8686031	0.94891983	0.8943817	0.90404856	0.80011106	0.7510867	0.7148724	0.8785319	0.7544123	0.936186	0.7015108	0.9006813	0.92797035	0.8684417	0.8605774	0.8369919	0.7904347	0.8291619	0.80120754	0.8808634	0.79310906	0.81741107	0.6465038	0.87459666	0.83492494	0.8907256	0.83891284	0.73264736	0.8454038	0.90909433	0.81355935	0.90140176	0.9264458	0.81108725	0.76263946	0.84975755	0.88761604	0.8249918	0.9238359	0.9035142	0.93061215	0.8892087	0.8889704	0.9776709	0.7455067	0.8913448	0.6303301	0.7887476	0.9248254	0.7534209	0.858148
commentaar/noun	0.89770186	0.8642903	0.0	0.8640601	0.88316536	0.8623359	0.80251384	0.812788	0.94314265	0.87849385	0.57308364	0.8540222	0.83146715	0.8176956	0.81224	0.73729646	0.90703785	0.92431754	0.8534628	0.8764928	0.9084796	0.8735082	0.8935611	0.84187496	0.83032244	0.8370312	0.8658817	0.7354976	0.9462061	0.88893986	0.8886257	0.865222	0.8517316	0.8485723	0.94821066	0.91741663	0.8826338	0.8515307	0.8425504	0.7361145	0.869704	0.8499884	0.83209956	0.88397586	0.7685091	0.9090744	0.9051337	0.86045474	0.8910469	0.872641	0.8773564	0.85953397	0.93086183	0.7843228	0.89097726	0.73295665	0.9051738	0.8817371	0.91885114	0.91929454	0.9096049	0.8232132	0.87708753	0.891502	0.8682837	0.8840383	0.7879837	0.8262136	0.9410985	0.8709048	0.7622324	0.8682145	0.8887399	0.82809484	0.8796463	0.87222946	0.84937966	0.79259455	0.9481461	0.8856657	0.9026793	0.8806185	0.9049861	0.899384	0.9267796	0.7118139	0.82202387	0.8853082	0.8047906	0.8911886	0.91683453	0.8778894	0.9048572	0.84162503	0.9207771	0.81911707	0.9365567	0.8811345	0.8216093	0.9063086	0.79443985	0.8117261	0.92167795	0.8566779	0.88040847	0.7913701	0.88857394	0.90476406	0.86237454	0.93490255	0.8481801	0.80843294	0.87480617	0.8849526	0.87767315	0.8470322	0.7993834	0.9141125	0.8703041	0.761121	0.88174754	0.9119891
Magda/name	0.9381387	0.9176382	0.8640601	0.0	0.9170949	0.92266554	0.9081624	0.911189	0.9521455	0.92720723	0.8659791	0.82573533	0.8205186	0.7942392	0.85727024	0.8885634	0.9229708	0.84049845	0.88968396	0.7050846	0.9076803	0.9244455	0.84022677	0.8967923	0.9209065	0.9097439	0.9267519	0.80768067	0.93468255	0.8972396	0.8858939	0.9071896	0.72627664	0.84965765	0.9527712	0.88122267	0.88078046	0.64506626	0.7907471	0.76793975	0.9069795	0.88932216	0.7644499	0.9291129	0.9102299	0.9488275	0.9336373	0.93349546	0.9301116	0.90258884	0.92556465	0.8482575	0.9574778	0.89885014	0.88971746	0.8617795	0.8896314	0.93484074	0.8709512	0.89721197	0.9334995	0.8669078	0.8682542	0.91916263	0.9384954	0.9229082	0.9117331	0.93505347	0.9385828	0.86940736	0.8001585	0.94629633	0.58868563	0.76704925	0.7379653	0.8870526	0.93697554	0.8926137	0.90948594	0.92066544	0.8380641	0.9283693	0.8879193	0.6877699	0.9230597	0.8936476	0.8659782	0.88446844	0.8116651	0.90745026	0.9470341	0.91863257	0.8898829	0.92003304	0.94811785	0.8879236	0.95564944	0.94157064	0.90222275	0.9420589	0.82587045	0.8914922	0.9608817	0.90298593	0.9113382	0.89570236	0.9088852	0.90688914	0.92627484	0.92986536	0.7216892	0.7179264	0.8996861	0.9432861	0.6300251	0.936697	0.9343669	0.9125459	0.88499665	0.7993743	0.9234841	0.8760985
dit/det	0.8581898	0.7688143	0.88316536	0.9170949	0.0	0.7983907	0.81445944	0.85297716	0.82002467	0.7827426	0.8448874	0.8775644	0.8406632	0.83342147	0.67774755	0.8448527	0.8901803	0.9193073	0.77237517	0.9606876	0.7926824	0.8196482	0.9193694	0.81397635	0.79705065	0.7601874	0.80075455	0.8925309	0.9462556	0.8585354	0.8958975	0.80957997	0.9230947	0.9105814	0.90714866	0.79777646	0.84556246	0.975129	0.88470167	0.90253	0.8648731	0.8270575	0.8759715	0.83529145	0.88169557	0.7503523	0.883011	0.9325335	0.77514815	0.8422208	0.82203877	0.83398885	0.8356258	0.7837633	0.86505294	0.85278165	0.8692205	0.8775643	0.9068976	0.82227385	0.7742919	0.763103	0.7900204	0.8554382	0.848114	0.79800975	0.79732484	0.86432815	0.87747175	0.839957	0.85326433	0.75757045	0.94719845	0.90956837	0.9020898	0.7977979	0.81904554	0.77735794	0.867026	0.44587457	0.9286755	0.8308276	0.8596199	0.939764	0.9082335	0.8308048	0.83459854	0.77795124	0.80951273	0.742738	0.86529005	0.89768827	0.8337947	0.8059114	0.84078133	0.8631612	0.87715137	0.86963165	0.79156923	0.94153714	0.8734801	0.8276913	0.78201884	0.7925511	0.81738603	0.8131941	0.74030674	0.84130156	0.8048162	0.9147056	0.86818826	0.9425592	0.87923366	0.8774997	0.9803665	0.82398856	0.86709017	0.8230764	0.7299404	0.8822961	0.811044	0.8667482
nog/adv	0.91214174	0.847028	0.8623359	0.92266554	0.7983907	0.0	0.8432614	0.868253	0.8775194	0.58598477	0.8810787	0.8701725	0.8563756	0.8744642	0.75683755	0.86982834	0.8487897	0.88929254	0.8033195	0.9589668	0.9141084	0.8582525	0.87718236	0.8286517	0.81837	0.8708036	0.7352263	0.91113913	0.9108754	0.86554295	0.86499333	0.8559478	0.90576774	0.91415614	0.87142557	0.9069642	0.8876754	0.979387	0.8681573	0.937271	0.86107594	0.85310566	0.90287584	0.7720897	0.8360785	0.7367937	0.8500645	0.8698614	0.8471593	0.699489	0.84178454	0.6492572	0.80689	0.83805466	0.87137204	0.84664774	0.8393979	0.9202784	0.8745457	0.8204357	0.69337106	0.6700474	0.7167133	0.77135944	0.8795126	0.89945567	0.8726661	0.86178684	0.8393686	0.83170694	0.91917324	0.82873183	0.9490218	0.8830819	0.8564891	0.59614205	0.83406687	0.8573808	0.85252905	0.7170427	0.904009	0.6862148	0.9194403	0.93203086	0.87576616	0.8756832	0.7481181	0.7267804	0.68227196	0.5301435	0.8797609	0.629423	0.7280499	0.7321367	0.8170552	0.87174207	0.8506702	0.8683464	0.7859178	0.91044706	0.88030446	0.90864605	0.8895997	0.7413558	0.8366172	0.8844194	0.7149435	0.8826215	0.86328936	0.89737415	0.9198855	0.9543444	0.8978167	0.81732345	0.96657866	0.73875797	0.89359677	0.7588607	0.6414759	0.9124289	0.9195468	0.8440582
gegeven/noun	0.7767679	0.8144053	0.80251384	0.9081624	0.81445944	0.8432614	0.0	0.7259681	0.94600654	0.8504958	0.8042498	0.94019866	0.8676598	0.8580568	0.76898	0.8415049	0.89204997	0.94634837	0.7811661	0.9565479	0.8347602	0.91675407	0.85564184	0.7635051	0.7611855	0.79404485	0.8298795	0.77217305	0.9350387	0.871976	0.89832425	0.9224512	0.9580144	0.89559877	0.85497534	0.8484452	0.9339023	0.977107	0.8775004	0.88684344	0.7192749	0.80532515	0.9170296	0.8418482	0.75675	0.83424056	0.8875512	0.876153	0.7830547	0.8549566	0.7739476	0.81166553	0.9463136	0.748132	0.9110547	0.80412805	0.8862992	0.8808207	0.83309263	0.9310096	0.8985717	0.7570796	0.8940028	0.86983883	0.78955764	0.7108456	0.8621362	0.76681936	0.94106233	0.89802533	0.8217052	0.83805716	0.9506081	0.9076619	0.9193729	0.90369856	0.7628383	0.80685055	0.93246317	0.798416	0.9542683	0.8115317	0.9122823	0.9438905	0.8993499	0.6726352	0.84904337	0.8774899	0.8558755	0.8315563	0.8385645	0.88288987	0.91159827	0.83431125	0.8642814	0.89312637	0.8831913	0.8753361	0.8030407	0.89645094	0.90901613	0.8478117	0.91935855	0.9097637	0.8527824	0.7576313	0.83747935	0.93230915	0.6597954	0.93282354	0.8904619	0.94089514	0.86205876	0.8356137	0.9797468	0.86962736	0.914983	0.8549035	0.7974586	0.8655694	0.82630855	0.87607545
signaal/noun	0.7898249	0.8613594	0.812788	0.911189	0.85297716	0.868253	0.7259681	0.0	0.93727946	0.83280075	0.68412894	0.9492928	0.8685329	0.89809567	0.7364369	0.8019141	0.87351245	0.943315	0.78365207	0.9633802	0.81634146	0.89748937	0.8645501	0.7180924	0.7836495	0.8257598	0.85996324	0.8100434	0.9326274	0.87229735	0.84273785	0.8967069	0.94119596	0.93042	0.88848877	0.8375368	0.9372837	0.9770122	0.84531087	0.8950029	0.8169867	0.85113466	0.80537045	0.83753026	0.62431127	0.8585588	0.90481573	0.8626845	0.75996727	0.833712	0.8155492	0.8069935	0.9131616	0.80941784	0.8548755	0.7352327	0.9020803	0.82004976	0.88057816	0.91848105	0.85080504	0.7592909	0.873206	0.8716155	0.7935333	0.7631594	0.7949495	0.68824965	0.9137137	0.8860104	0.91147673	0.7901623	0.9534106	0.90664744	0.935106	0.8678278	0.7627185	0.8019834	0.9271384	0.8290056	0.9741679	0.7676974	0.94049686	0.9539953	0.91458917	0.74529034	0.8590546	0.85078084	0.8408307	0.8147537	0.8129142	0.8661161	0.8713055	0.84765923	0.83198804	0.844578	0.899797	0.6432564	0.85936046	0.85389054	0.9179115	0.8984428	0.89249307	0.89579064	0.88846034	0.9125862	0.8236522	0.9421705	0.718559	0.9120717	0.85910404	0.9628986	0.86183906	0.7542479	0.97124237	0.8242768	0.8258537	0.8522257	0.7940509	0.9346665	0.9202881	0.91433203
begin/noun	0.93296075	0.91058356	0.94314265	0.9521455	0.82002467	0.8775194	0.94600654	0.93727946	0.0	0.9433362	0.9319182	0.9047481	0.9000344	0.89386356	0.9158182	0.9005342	0.93790364	0.95851815	0.9160745	0.96388364	0.93129647	0.8864733	0.94558746	0.8952712	0.9289116	0.8977424	0.9369511	0.90735185	0.9258751	0.93198097	0.9468187	0.7765218	0.93459064	0.92468125	0.95340914	0.8620937	0.82462496	0.98232216	0.93503225	0.9344368	0.91414434	0.8987208	0.9065276	0.92839336	0.9593729	0.9621149	0.93083537	0.9757478	0.8946904	0.94741476	0.95508933	0.920981	0.48366618	0.9116797	0.8816883	0.91590476	0.9230946	0.8880735	0.92947733	0.87486666	0.9103618	0.9325015	0.80362743	0.93993384	0.94519365	0.92297935	0.8970259	0.94646305	0.94335735	0.90026057	0.93858284	0.83583677	0.9590441	0.9453739	0.9355599	0.92885506	0.9117881	0.8506588	0.90299064	0.9399336	0.94696087	0.9304701	0.89305234	0.9632868	0.93201816	0.9338884	0.9533012	0.9443715	0.8395753	0.9075428	0.91061944	0.9169533	0.95259976	0.9563482	0.9419993	0.8893097	0.9081666	0.92740697	0.9141146	0.9597693	0.8988342	0.91848963	0.80463326	0.75242996	0.874231	0.8983427	0.9622018	0.7088823	0.8808831	0.935249	0.93380386	0.93233633	0.8871862	0.9503881	0.977892	0.9222726	0.8999656	0.927064	0.9354875	0.9079474	0.86669576	0.90050894
wel/adv	0.8982169	0.7295572	0.87849385	0.92720723	0.7827426	0.58598477	0.8504958	0.83280075	0.9433362	0.0	0.82385087	0.88319224	0.85474235	0.87581915	0.57147574	0.8219174	0.86441743	0.88166916	0.75682193	0.97625023	0.8873069	0.86997247	0.8259715	0.830418	0.7186395	0.75974476	0.6231289	0.92770314	0.93979996	0.84093946	0.8764659	0.92979586	0.9040022	0.9185308	0.9073282	0.93974024	0.91073996	0.98971295	0.85546094	0.94818884	0.86552846	0.8666615	0.8896562	0.5735724	0.78877324	0.56845856	0.89748424	0.85371935	0.811575	0.54838914	0.790295	0.5712275	0.9426763	0.76224536	0.8915464	0.8217815	0.8719375	0.9412573	0.90103817	0.89582527	0.56298405	0.5853207	0.84665424	0.5848517	0.8666805	0.8894711	0.848608	0.80868995	0.87977177	0.8492984	0.89428777	0.8782191	0.9629547	0.81986654	0.88282853	0.46522492	0.79463077	0.78762007	0.9112563	0.50398725	0.9389797	0.7247778	0.8844582	0.94716847	0.90645075	0.86655366	0.6229261	0.5743643	0.6602588	0.5343456	0.9189527	0.64511156	0.5864867	0.6807731	0.8467032	0.89256734	0.89306027	0.8540132	0.74212724	0.8778539	0.89034325	0.87998927	0.951886	0.91540045	0.88721573	0.8782113	0.58375394	0.9518732	0.88074493	0.8954051	0.9142681	0.955723	0.9209846	0.8505879	0.9764084	0.6934322	0.9311202	0.7541268	0.5479042	0.94082934	0.9341981	0.90839005
reactie/noun	0.80244917	0.81097037	0.57308364	0.8659791	0.8448874	0.8810787	0.8042498	0.68412894	0.9319182	0.82385087	0.0	0.9015861	0.8805583	0.8262824	0.7169771	0.7011656	0.8946381	0.9222347	0.7896808	0.941095	0.8746233	0.86913633	0.8379705	0.75273484	0.7273748	0.77803475	0.7880238	0.6821407	0.9245121	0.8146398	0.82158864	0.8344039	0.9207634	0.8873186	0.9327066	0.8825327	0.90918744	0.9318318	0.73642147	0.8086428	0.83816063	0.7954039	0.73324966	0.76331514	0.7581362	0.8062078	0.8661353	0.82435834	0.8073299	0.8302329	0.8588458	0.8225641	0.9226115	0.7503873	0.8485433	0.6387515	0.89912695	0.82325107	0.858783	0.9167289	0.8410703	0.7946898	0.86640525	0.79561836	0.8186154	0.80195034	0.76599634	0.7718269	0.92294556	0.8703085	0.8388799	0.8318013	0.926546	0.8305898	0.9172172	0.81632155	0.82733846	0.77033424	0.92054844	0.80063283	0.9544664	0.81211585	0.886063	0.9426328	0.8952699	0.7026867	0.8185489	0.82703555	0.8019902	0.8568088	0.8835964	0.8462394	0.83693296	0.8151757	0.9029304	0.8083912	0.9060892	0.82421887	0.8327267	0.8523036	0.8617825	0.8696269	0.927727	0.85107696	0.88794667	0.8604106	0.84714794	0.92367244	0.82764035	0.9283118	0.8094723	0.892667	0.81747913	0.8640444	0.9393142	0.8417555	0.7797872	0.8523505	0.8263631	0.83625084	0.8937105	0.92381513
Dekker/name	0.93605715	0.9074098	0.8540222	0.82573533	0.8775644	0.8701725	0.94019866	0.9492928	0.9047481	0.88319224	0.9015861	0.0	0.8442389	0.7300457	0.8769588	0.90557295	0.89539593	0.86317277	0.9035585	0.66864014	0.93627536	0.85676867	0.9193244	0.9257898	0.92491907	0.8954583	0.89199644	0.8752292	0.92393875	0.8980192	0.89675003	0.8462292	0.7539584	0.8347328	0.93315387	0.9065734	0.80134773	0.7237042	0.90046024	0.7515495	0.89780307	0.7931104	0.91120887	0.9240041	0.9351755	0.92027843	0.89988637	0.9161277	0.9410029	0.8605353	0.9307758	0.8381447	0.90910345	0.85327315	0.8955082	0.8831933	0.8726224	0.93691546	0.9010035	0.8053274	0.8813362	0.8840106	0.82288617	0.8854096	0.9305586	0.93575966	0.82816404	0.92843866	0.8613126	0.7714913	0.7995277	0.90339005	0.6945692	0.76022667	0.7713952	0.82365906	0.9117432	0.8923981	0.78982735	0.8886872	0.6566293	0.89424604	0.91125757	0.7033168	0.9046542	0.8878537	0.86409795	0.8632287	0.76906025	0.8415966	0.93588483	0.8513148	0.8659941	0.90751135	0.9413887	0.88897324	0.8935002	0.94499856	0.89811134	0.9443406	0.735878	0.88184273	0.8887737	0.8784947	0.8902838	0.9028808	0.9077699	0.88492453	0.92396295	0.9343123	0.8619297	0.62584627	0.90155745	0.9055955	0.68062764	0.88972795	0.8719933	0.908917	0.8464581	0.89417857	0.9245925	0.780834
Bodson/name	0.9096858	0.87533975	0.83146715	0.8205186	0.8406632	0.8563756	0.8676598	0.8685329	0.9000344	0.85474235	0.8805583	0.8442389	0.0	0.8326188	0.781346	0.86381924	0.90231156	0.9028291	0.86304617	0.7912037	0.9048511	0.8095957	0.88078225	0.88251805	0.8803334	0.87602353	0.8747289	0.8591876	0.9379569	0.9126546	0.9142855	0.8925272	0.7893311	0.89284486	0.93640435	0.86833453	0.91339684	0.82427734	0.8450513	0.8216295	0.8748877	0.89029145	0.8363745	0.90212756	0.89324975	0.892976	0.9174062	0.92168635	0.90247095	0.8688802	0.88891006	0.8077665	0.9098679	0.8654605	0.8847002	0.82871664	0.9035192	0.91400445	0.90912956	0.88433874	0.8880637	0.79501176	0.82349384	0.9205554	0.9287745	0.8918344	0.78133357	0.9222808	0.9325721	0.7777911	0.8531559	0.86164594	0.79422736	0.85362893	0.80913115	0.8543953	0.892742	0.88473856	0.91055673	0.8502712	0.84213436	0.87536174	0.83956134	0.8079406	0.923236	0.8465471	0.8479005	0.8534533	0.7640456	0.8368772	0.88537866	0.8620612	0.8746968	0.87177074	0.8554115	0.87056774	0.9116062	0.89182556	0.8764694	0.9058257	0.8093709	0.88868237	0.9098831	0.8406628	0.8972221	0.9235611	0.86637855	0.90897095	0.87215626	0.913422	0.76963276	0.8182844	0.8504962	0.85737526	0.8276653	0.8868418	0.8795645	0.8891135	0.8164036	0.86259824	0.92124623	0.8689818
Faber/name	0.88263756	0.8843857	0.8176956	0.7942392	0.83342147	0.8744642	0.8580568	0.89809567	0.89386356	0.87581915	0.8262824	0.7300457	0.8326188	0.0	0.780303	0.8397844	0.89190227	0.8569727	0.83981174	0.7740181	0.8496593	0.864506	0.8676724	0.8774741	0.8701613	0.82830787	0.8608955	0.7442156	0.903219	0.8867307	0.8524314	0.8252121	0.77167654	0.8217143	0.9166072	0.8455806	0.8272184	0.77706856	0.80802	0.7083319	0.843882	0.87584656	0.8004948	0.8999113	0.9025356	0.9060256	0.880333	0.89782214	0.893944	0.87323576	0.89318204	0.8027484	0.91290474	0.79909325	0.84649944	0.78785634	0.87309986	0.8824188	0.89008987	0.889373	0.8915325	0.8196417	0.8257627	0.90086216	0.9014815	0.8775035	0.82258505	0.9155634	0.91360635	0.75828546	0.7345715	0.90583885	0.8235082	0.7205916	0.83846104	0.8621643	0.87050843	0.8746028	0.9294539	0.8548385	0.84896636	0.8556721	0.84219897	0.81477284	0.89429605	0.81753254	0.8481445	0.8632426	0.7306484	0.85685086	0.90108687	0.89083016	0.86464536	0.88046634	0.8919031	0.8804798	0.91406125	0.92098385	0.87638974	0.92192364	0.7387903	0.8469461	0.9380051	0.81716305	0.89271164	0.82810616	0.8870913	0.8788811	0.89327776	0.92556703	0.8205346	0.688441	0.8274803	0.90837055	0.73858166	0.8924063	0.8815738	0.90991044	0.82042444	0.83883274	0.9001602	0.86660814
dat/comp	0.8543856	0.833741	0.81224	0.85727024	0.67774755	0.75683755	0.76898	0.7364369	0.9158182	0.57147574	0.7169771	0.8769588	0.781346	0.780303	0.0	0.789189	0.83726704	0.90733916	0.7429011	0.9388947	0.8207006	0.7766433	0.80651784	0.7774311	0.79120266	0.8144076	0.6759411	0.7699452	0.9590089	0.8604413	0.8234058	0.84410745	0.8791477	0.9126612	0.9182348	0.8658741	0.9390879	0.95526004	0.7781279	0.7694858	0.80258256	0.8018705	0.75349694	0.7714015	0.7935169	0.6233367	0.86579144	0.887806	0.7734066	0.6626853	0.7740583	0.63335323	0.89633405	0.7087768	0.7824816	0.72916806	0.91667277	0.84761286	0.88634	0.91395694	0.7196481	0.5162264	0.85472727	0.7585551	0.8585224	0.8571877	0.71100205	0.87356323	0.89379793	0.81281793	0.83838385	0.843962	0.922278	0.78999585	0.86405605	0.5923001	0.8290972	0.800336	0.9195019	0.558824	0.94678485	0.71996766	0.82556933	0.9290086	0.9267328	0.70511365	0.700596	0.6718524	0.5849217	0.6322057	0.89666414	0.82824945	0.70855165	0.72393227	0.7845123	0.85860014	0.93224186	0.81211066	0.7675079	0.90203446	0.8113466	0.86314666	0.92197603	0.84624064	0.9059857	0.89147806	0.6166943	0.9258474	0.8166732	0.9311518	0.8106241	0.90751433	0.821529	0.7794837	0.9326993	0.8016422	0.87854576	0.8280278	0.5772412	0.8935367	0.89467305	0.91884214
teneur/noun	0.8633253	0.81209254	0.73729646	0.8885634	0.8448527	0.86982834	0.8415049	0.8019141	0.9005342	0.8219174	0.7011656	0.90557295	0.86381924	0.8397844	0.789189	0.0	0.8964323	0.91742784	0.8150089	0.91662645	0.85623777	0.91381896	0.8839814	0.73636377	0.78895766	0.7802412	0.8103776	0.8208812	0.917951	0.8214704	0.8431606	0.8612374	0.8921563	0.8487114	0.9183422	0.8637466	0.8818947	0.9192641	0.81157035	0.89687234	0.8631144	0.84501064	0.7904092	0.8161582	0.7536069	0.8540224	0.8864237	0.83880836	0.8516696	0.84192765	0.83641946	0.84908897	0.8808099	0.7466788	0.8725197	0.735227	0.90743506	0.86044735	0.87819135	0.91165984	0.86603284	0.8010557	0.88039154	0.8370776	0.8492466	0.8312917	0.8061662	0.78770393	0.9023404	0.8690059	0.791165	0.82757276	0.8949916	0.8501216	0.8961083	0.84366286	0.81548804	0.7865011	0.92215884	0.8201109	0.94509786	0.82756925	0.872816	0.90267277	0.8941197	0.7989119	0.84987193	0.83237064	0.81158495	0.8494177	0.8940701	0.8683271	0.8452539	0.8108183	0.87101907	0.790946	0.8962866	0.85260797	0.82812315	0.86383516	0.86592895	0.8149037	0.9314546	0.8780839	0.8826705	0.82073605	0.85169506	0.86782855	0.82719743	0.914132	0.8562592	0.89266866	0.9073858	0.8710566	0.929485	0.819443	0.82785344	0.8556394	0.8304283	0.85955584	0.8809707	0.9154193
strohalm/noun	0.88238025	0.8906622	0.90703785	0.9229708	0.8901803	0.8487897	0.89204997	0.87351245	0.93790364	0.86441743	0.8946381	0.89539593	0.90231156	0.89190227	0.83726704	0.8964323	0.0	0.9371344	0.85185796	0.92184234	0.9157996	0.92878073	0.8996266	0.86535287	0.8781139	0.9047584	0.8969345	0.90572786	0.92561233	0.89840126	0.8803712	0.8949126	0.87976813	0.90010864	0.9342532	0.87246823	0.90236896	0.9199717	0.9094848	0.9293324	0.8828039	0.8825827	0.8907461	0.8697746	0.90290785	0.89656633	0.9041882	0.90480894	0.91194975	0.87562984	0.8775409	0.8344537	0.89939	0.85738826	0.89419186	0.8896621	0.8690957	0.89852273	0.8834402	0.8470159	0.85494745	0.82722235	0.84209776	0.88516164	0.8810183	0.91278607	0.90304583	0.9098261	0.82338583	0.87908185	0.89537925	0.9070765	0.89763266	0.91781014	0.8918103	0.8576192	0.87205994	0.85890806	0.8121536	0.8930752	0.9159324	0.8504225	0.94389015	0.90096873	0.887363	0.87894654	0.89948976	0.87946707	0.8413085	0.82057995	0.90883905	0.87053025	0.89354753	0.85977316	0.8917076	0.9065679	0.9152653	0.8798531	0.89360005	0.91935366	0.9079361	0.8870589	0.9574042	0.8890236	0.88865936	0.91125405	0.894485	0.9229898	0.88980824	0.926694	0.9278426	0.9132776	0.9079815	0.8539522	0.9219588	0.890775	0.93805677	0.89119536	0.8161085	0.90472376	0.90463006	0.85843474
Priscilla/name	0.9354285	0.91351485	0.92431754	0.84049845	0.9193073	0.88929254	0.94634837	0.943315	0.95851815	0.88166916	0.9222347	0.86317277	0.9028291	0.8569727	0.90733916	0.91742784	0.9371344	0.0	0.89558315	0.85229754	0.9376702	0.9500812	0.8152004	0.9366838	0.9308886	0.92866075	0.8888644	0.9109108	0.91103363	0.8939398	0.87286234	0.8873376	0.8750811	0.87743586	0.9325804	0.9458806	0.8833712	0.88572323	0.8790363	0.9321536	0.9130295	0.93934286	0.9301622	0.9056743	0.9214697	0.9215132	0.8982661	0.9161249	0.9445296	0.85173726	0.9107938	0.8148145	0.9418698	0.92189395	0.9099059	0.9207314	0.90043545	0.9296466	0.88453466	0.92457414	0.8815024	0.88072115	0.88584626	0.8910166	0.9495475	0.9362554	0.9402548	0.9336548	0.94471115	0.9082017	0.87925243	0.9433501	0.87087435	0.82326305	0.90041035	0.8541837	0.9298585	0.892336	0.93341446	0.8857019	0.86580646	0.91065496	0.94349015	0.8804988	0.90951556	0.94824976	0.8648932	0.8844845	0.83404464	0.86609304	0.94850385	0.8844996	0.8883615	0.92313284	0.95626765	0.91634	0.9193473	0.9328716	0.9188486	0.9321067	0.8925858	0.8720919	0.94673806	0.9192067	0.920177	0.9025185	0.9136435	0.93735576	0.9466775	0.89488727	0.909456	0.86590296	0.9244048	0.9313799	0.8945365	0.91211194	0.92595184	0.9099812	0.8612324	0.92386734	0.9348447	0.90183055
tegelijk/adj	0.7508452	0.6666672	0.8534628	0.88968396	0.77237517	0.8033195	0.7811661	0.78365207	0.9160745	0.75682193	0.7896808	0.9035585	0.86304617	0.83981174	0.7429011	0.8150089	0.85185796	0.89558315	0.0	0.9272196	0.7962253	0.8831283	0.8318095	0.7541162	0.6641096	0.6771474	0.6589279	0.8342681	0.87859315	0.694767	0.7560518	0.8406331	0.92274696	0.8197087	0.85443	0.84538484	0.8842913	0.9735284	0.80880713	0.92851305	0.7594538	0.8948768	0.8232243	0.6848489	0.7634966	0.8042291	0.79558456	0.7214612	0.7798285	0.7130469	0.72990555	0.6660576	0.8902757	0.77869236	0.8387268	0.738353	0.8578198	0.8241278	0.7863901	0.8795559	0.7147178	0.7272558	0.7716845	0.6863797	0.8198207	0.7810013	0.8496158	0.65280527	0.9315579	0.86008036	0.798023	0.8383003	0.93936205	0.8792568	0.8985414	0.75874156	0.7289506	0.7339668	0.92534703	0.7467588	0.92881125	0.69834256	0.89984024	0.9163082	0.81259227	0.85733354	0.82286966	0.7666635	0.73629594	0.7233948	0.79931545	0.7310324	0.7660277	0.75224495	0.8162117	0.8294941	0.8817457	0.79938614	0.77927965	0.7903405	0.8713002	0.77697074	0.9077874	0.8586072	0.7883644	0.7603588	0.7847718	0.90675133	0.8001065	0.8869589	0.8512878	0.92345434	0.81511086	0.8467661	0.9693714	0.7318212	0.87030894	0.7300988	0.7115495	0.8998047	0.8111643	0.8710195
Christian/name	0.9562971	0.94621575	0.8764928	0.7050846	0.9606876	0.9589668	0.9565479	0.9633802	0.96388364	0.97625023	0.941095	0.66864014	0.7912037	0.7740181	0.9388947	0.91662645	0.92184234	0.85229754	0.9272196	0.0	0.9516576	0.9167827	0.92987466	0.9349289	0.9500358	0.9288137	0.9569864	0.88388246	0.8909888	0.9332623	0.8849049	0.87833476	0.6279239	0.76677173	0.9428581	0.90818274	0.75397575	0.5163491	0.8859723	0.7271648	0.90147126	0.86222446	0.90058213	0.9650223	0.9648394	0.98841304	0.9372315	0.9516103	0.98003113	0.96985906	0.95785123	0.93570995	0.9626462	0.90447813	0.8604577	0.88756657	0.8616619	0.9449533	0.90564287	0.8452973	0.9532513	0.95432067	0.87476635	0.9567748	0.9157797	0.96454334	0.87266576	0.9576535	0.89416146	0.8108691	0.72024554	0.95866084	0.45921105	0.8280825	0.6354226	0.96084243	0.9392478	0.9107758	0.84026015	0.9659487	0.5231396	0.95790166	0.91122633	0.5261212	0.9184297	0.9064742	0.93990904	0.9616165	0.8705247	0.9575204	0.9507652	0.9512278	0.95975274	0.9546599	0.97093725	0.9030042	0.96756256	0.95588815	0.9141335	0.9474417	0.7719108	0.8754333	0.9314869	0.91104054	0.93294024	0.90054846	0.97149867	0.9022422	0.94229764	0.9078746	0.7877286	0.5780095	0.9176565	0.93415844	0.48755264	0.9656075	0.9110636	0.9331127	0.9529594	0.806937	0.9238954	0.78913254
integratie/noun	0.65875214	0.81149036	0.9084796	0.9076803	0.7926824	0.9141084	0.8347602	0.81634146	0.93129647	0.8873069	0.8746233	0.93627536	0.9048511	0.8496593	0.8207006	0.85623777	0.9157996	0.9376702	0.7962253	0.9516576	0.0	0.9249228	0.83247775	0.7419094	0.79398596	0.80540115	0.8642059	0.92965287	0.9323367	0.90945166	0.87825644	0.9121835	0.9266511	0.8991072	0.9321168	0.72479594	0.91812354	0.9729415	0.87466896	0.9103367	0.86878836	0.9285365	0.8297123	0.88334846	0.86925256	0.8929491	0.93430775	0.92103976	0.68000317	0.8739592	0.789144	0.89050394	0.930537	0.8125518	0.7275841	0.8462688	0.89369726	0.75875574	0.8185147	0.87862575	0.86747265	0.80644137	0.9002712	0.8929956	0.81406236	0.5714414	0.8926576	0.86558264	0.92231697	0.90070176	0.8745903	0.86363477	0.95311147	0.9293414	0.9236705	0.9196644	0.7221228	0.86686844	0.91764873	0.79183644	0.9626017	0.7521166	0.88458586	0.942578	0.92453194	0.87597847	0.92546207	0.88690543	0.9011689	0.8612719	0.8075408	0.9363409	0.9092522	0.8299276	0.77632797	0.88976383	0.8915883	0.8337859	0.86009216	0.91473085	0.9040727	0.88580066	0.926928	0.9532043	0.89009243	0.9063854	0.8724729	0.9281242	0.792438	0.95428294	0.86374545	0.935313	0.8475156	0.82908565	0.9696175	0.87144566	0.9232936	0.8462957	0.79900354	0.93360585	0.811266	0.8729667
Koffrie/name	0.9131728	0.9048226	0.8735082	0.9244455	0.8196482	0.8582525	0.91675407	0.89748937	0.8864733	0.86997247	0.86913633	0.85676867	0.8095957	0.864506	0.7766433	0.91381896	0.92878073	0.9500812	0.8831283	0.9167827	0.9249228	0.0	0.93741083	0.8857779	0.8827575	0.871608	0.8625179	0.9060669	0.9738023	0.93397754	0.924437	0.89004177	0.89963055	0.94864374	0.93413675	0.9052227	0.9264305	0.94832397	0.9090471	0.83466303	0.8876503	0.89172155	0.9196539	0.8871332	0.92085457	0.89471453	0.90662706	0.93743837	0.90120184	0.8881739	0.9312099	0.852086	0.9122821	0.88315123	0.8843529	0.8867266	0.924715	0.93147194	0.94576174	0.9049265	0.9044469	0.8413814	0.87147945	0.92465675	0.93397593	0.9115671	0.66981256	0.93266875	0.93741935	0.83921826	0.91934824	0.77502525	0.9215579	0.9216001	0.8890819	0.8712472	0.89779663	0.8949969	0.92944056	0.84768134	0.94107133	0.8687891	0.8602499	0.92343795	0.94949913	0.8548274	0.8805281	0.89051765	0.79237586	0.85626817	0.86218286	0.9094692	0.90369487	0.8648244	0.8626971	0.86431724	0.9432287	0.8997299	0.86894643	0.94362116	0.7718116	0.91017556	0.7709266	0.8768885	0.92973185	0.92419446	0.8896985	0.9181745	0.87479514	0.95815223	0.89995086	0.8797229	0.90946937	0.8783315	0.92542565	0.8503926	0.77892506	0.87808025	0.864219	0.9319797	0.9574446	0.9196168
ouder/noun	0.83116955	0.8531867	0.8935611	0.84022677	0.9193694	0.87718236	0.85564184	0.8645501	0.94558746	0.8259715	0.8379705	0.9193244	0.88078225	0.8676724	0.80651784	0.8839814	0.8996266	0.8152004	0.8318095	0.92987466	0.83247775	0.93741083	0.0	0.8886432	0.8467019	0.8353582	0.84429926	0.82308066	0.85500944	0.8662733	0.79388285	0.8945399	0.9043687	0.8297665	0.8930592	0.92402524	0.93629944	0.97221124	0.6833009	0.957474	0.856411	0.93413126	0.8554844	0.8270448	0.82526624	0.89382464	0.8432721	0.8861763	0.87851506	0.7248286	0.87051713	0.5933225	0.9534937	0.8838501	0.84955895	0.876163	0.8918688	0.9085221	0.6416507	0.9449779	0.84488475	0.74255323	0.9047861	0.7760408	0.8975211	0.8644334	0.9012336	0.8841938	0.9511934	0.899084	0.8250811	0.92193824	0.9214546	0.76337314	0.8996903	0.71395457	0.8856634	0.8857078	0.9677117	0.8477414	0.9478565	0.7798761	0.9154345	0.9258007	0.92084354	0.8508905	0.7333917	0.7534883	0.7039716	0.75009775	0.9071024	0.8493625	0.7595726	0.83927363	0.89274555	0.92416275	0.8768395	0.8846564	0.8758867	0.8972532	0.91932434	0.8847345	0.97541046	0.90014076	0.8531247	0.8873077	0.8427495	0.94272757	0.90137523	0.8654537	0.878723	0.9090142	0.8380569	0.9015903	0.97295594	0.8699898	0.9395642	0.8446156	0.69622064	0.92386496	0.8875196	0.8953999
tendens/noun	0.76220644	0.80453855	0.84187496	0.8967923	0.81397635	0.8286517	0.7635051	0.7180924	0.8952712	0.830418	0.75273484	0.9257898	0.88251805	0.8774741	0.7774311	0.73636377	0.86535287	0.9366838	0.7541162	0.9349289	0.7419094	0.8857779	0.8886432	0.0	0.74257493	0.7969001	0.82352054	0.90280205	0.90050256	0.83888674	0.8190979	0.88126326	0.9150257	0.8796177	0.9053217	0.8019979	0.8935659	0.95973754	0.8652398	0.91324127	0.809844	0.83849525	0.8086486	0.812788	0.79996145	0.84998655	0.88135076	0.8527852	0.684152	0.85024416	0.7595275	0.83813894	0.9068614	0.7682977	0.85532665	0.7689602	0.8566677	0.80883974	0.8368065	0.8706769	0.8455554	0.74329793	0.8246208	0.85600877	0.77941364	0.593011	0.7823947	0.77331394	0.92419946	0.8832501	0.8327982	0.76953024	0.93067867	0.9118438	0.90922785	0.8739977	0.7470528	0.7855186	0.9234175	0.8046572	0.9429071	0.6951138	0.9205967	0.92295724	0.89452124	0.79181767	0.87207663	0.864798	0.8369248	0.81148165	0.7540686	0.8630565	0.87344635	0.7904374	0.8482711	0.8226999	0.8617201	0.744564	0.8015849	0.85435057	0.8862208	0.85880405	0.84766555	0.8865126	0.83376765	0.88599	0.85121787	0.9208319	0.70642376	0.90385073	0.82932156	0.9362216	0.8644295	0.8198686	0.9618479	0.79745656	0.81266236	0.78104556	0.79199684	0.89672405	0.8057917	0.8770753
zeer/adv	0.76273763	0.3717742	0.83032244	0.9209065	0.79705065	0.81837	0.7611855	0.7836495	0.9289116	0.7186395	0.7273748	0.92491907	0.8803334	0.8701613	0.79120266	0.78895766	0.8781139	0.9308886	0.6641096	0.9500358	0.79398596	0.8827575	0.8467019	0.74257493	0.0	0.42586493	0.55222774	0.90338427	0.9117035	0.767132	0.8486981	0.90835536	0.9004425	0.8531971	0.9050028	0.87740767	0.8383058	0.9900276	0.84562624	0.9698997	0.82905644	0.85909665	0.8497133	0.30323905	0.79675114	0.7133498	0.8708099	0.76794547	0.7440124	0.78402126	0.78107965	0.79727364	0.91453856	0.7365185	0.8433398	0.71572745	0.845736	0.8348928	0.8578522	0.88155454	0.7330017	0.73360205	0.8734476	0.59986484	0.778735	0.72446287	0.7926378	0.71728706	0.8703613	0.85321903	0.81528443	0.8295666	0.96420366	0.90369815	0.9088901	0.8059474	0.70224047	0.71959126	0.8743598	0.76089525	0.94742286	0.58922684	0.91784316	0.9371946	0.8505691	0.81055844	0.8389191	0.8083333	0.81627876	0.7744858	0.8047347	0.7833665	0.8135204	0.62490267	0.82975924	0.81456256	0.9109188	0.81379026	0.7436818	0.81808037	0.894881	0.8705263	0.89310014	0.93434364	0.821127	0.79862756	0.8435249	0.9203665	0.7392049	0.9051363	0.88175124	0.9518641	0.86229223	0.8696959	0.98034024	0.65355134	0.8335694	0.57897913	0.7497988	0.9261679	0.81406415	0.8353629
buitengewoon/adj	0.814464	0.32041436	0.8370312	0.9097439	0.7601874	0.8708036	0.79404485	0.8257598	0.8977424	0.75974476	0.77803475	0.8954583	0.87602353	0.82830787	0.8144076	0.7802412	0.9047584	0.92866075	0.6771474	0.9288137	0.80540115	0.871608	0.8353582	0.7969001	0.42586493	0.0	0.6523751	0.85639393	0.911505	0.7723756	0.86047214	0.86271036	0.90458745	0.8442273	0.89218056	0.8467283	0.8253055	0.96870214	0.8550776	0.9224328	0.83636606	0.86816925	0.83578557	0.5100887	0.81656533	0.74937725	0.8842766	0.8260775	0.8134088	0.8214097	0.7989274	0.8281846	0.912734	0.7425705	0.8793111	0.6932253	0.8524275	0.8496027	0.8339635	0.8787127	0.74723333	0.8143322	0.86857677	0.6082342	0.81288403	0.7440518	0.8036516	0.7555421	0.8807713	0.8705472	0.80007887	0.80868465	0.94574004	0.8476617	0.9181892	0.83077	0.7278975	0.696473	0.89876366	0.754411	0.93587506	0.7177422	0.8716888	0.9269299	0.8740992	0.81183255	0.8382957	0.81404465	0.81592506	0.8398839	0.8668591	0.81398094	0.8312477	0.70599526	0.8659644	0.8272369	0.9071835	0.82387763	0.7600824	0.8567265	0.8764802	0.82861376	0.8266636	0.89000046	0.83152217	0.7710936	0.8495009	0.8802806	0.7988022	0.92154807	0.87254757	0.90697527	0.8693752	0.8889856	0.9674323	0.73311853	0.8432653	0.6809943	0.8119816	0.91427743	0.7834815	0.8691209
zo/adv	0.88306904	0.6407872	0.8658817	0.9267519	0.80075455	0.7352263	0.8298795	0.85996324	0.9369511	0.6231289	0.7880238	0.89199644	0.8747289	0.8608955	0.6759411	0.8103776	0.8969345	0.8888644	0.6589279	0.9569864	0.8642059	0.8625179	0.84429926	0.82352054	0.55222774	0.6523751	0.0	0.90214455	0.89797175	0.75079703	0.8252591	0.89576316	0.9232467	0.86108714	0.88301104	0.942927	0.8993875	0.97619456	0.85866916	0.9314915	0.8328118	0.89104575	0.8953182	0.45731336	0.7646001	0.6235383	0.8574926	0.7784847	0.82959557	0.6692194	0.74846065	0.61873907	0.9136547	0.76012933	0.8746501	0.7521042	0.86549765	0.90356827	0.8824298	0.9002144	0.6307677	0.6762558	0.86336076	0.5153136	0.84332	0.8557891	0.8533446	0.7459096	0.9046409	0.8494766	0.8501052	0.88331425	0.9539765	0.8193354	0.90794134	0.5853977	0.78085506	0.7518838	0.8971208	0.5848807	0.9425362	0.65648675	0.88918036	0.9494945	0.8486802	0.83653677	0.71922004	0.66228247	0.68370986	0.6428925	0.88449633	0.63112605	0.6546514	0.74281764	0.8333938	0.8621841	0.8936771	0.8759292	0.72061193	0.85564584	0.8888256	0.8449699	0.93539864	0.889795	0.8678593	0.81383556	0.67415226	0.9220148	0.86755675	0.906296	0.9066219	0.939001	0.90444446	0.87401485	0.9708794	0.6151259	0.8806542	0.70483375	0.6511334	0.9105488	0.8657415	0.9083607
brief/noun	0.87695134	0.9051568	0.7354976	0.80768067	0.8925309	0.91113913	0.77217305	0.8100434	0.90735185	0.92770314	0.6821407	0.8752292	0.8591876	0.7442156	0.7699452	0.8208812	0.90572786	0.9109108	0.8342681	0.88388246	0.92965287	0.9060669	0.82308066	0.90280205	0.90338427	0.85639393	0.90214455	0.0	0.91717714	0.90226847	0.87854695	0.82944435	0.912145	0.7948133	0.9001656	0.8899288	0.8914782	0.8489032	0.71644855	0.6868262	0.8456164	0.9007992	0.8007437	0.9398264	0.72158366	0.956135	0.8622162	0.8495089	0.9298623	0.8960682	0.9188771	0.8247535	0.9372847	0.8299488	0.90047777	0.70778084	0.9060533	0.8800239	0.8716092	0.94282913	0.9462377	0.8821535	0.8696408	0.9071495	0.8659843	0.92742854	0.883531	0.9050209	0.9731582	0.8890075	0.7331356	0.89046234	0.87264574	0.69002736	0.8916583	0.89250654	0.9108013	0.88141936	0.9637426	0.9236799	0.94755405	0.90636194	0.894622	0.89296556	0.9099054	0.664723	0.7914842	0.8688856	0.76347774	0.90602297	0.9331036	0.909035	0.8948833	0.9159323	0.94020724	0.8883375	0.94296354	0.9090229	0.88816357	0.93421715	0.8438494	0.8345421	0.9598801	0.78867316	0.89660573	0.70562875	0.89958584	0.8899636	0.88913196	0.9177622	0.8128847	0.8182384	0.86262	0.8877098	0.8620187	0.9220561	0.87641436	0.94615173	0.86747015	0.75319564	0.8755162	0.93573093
dorp_DIM/noun	0.89642286	0.9084718	0.9462061	0.93468255	0.9462556	0.9108754	0.9350387	0.9326274	0.9258751	0.93979996	0.9245121	0.92393875	0.9379569	0.903219	0.9590089	0.917951	0.92561233	0.91103363	0.87859315	0.8909888	0.9323367	0.9738023	0.85500944	0.90050256	0.9117035	0.911505	0.89797175	0.91717714	0.0	0.77228796	0.8494723	0.79653555	0.92551136	0.79439396	0.90306437	0.90686125	0.882723	0.95344543	0.8604907	0.9390562	0.88132936	0.94484085	0.89977795	0.9143929	0.9221742	0.9577761	0.8371163	0.86406326	0.9305803	0.898571	0.8824974	0.8535007	0.91678625	0.90808916	0.86415076	0.9016266	0.7712611	0.84182674	0.84907424	0.8777952	0.9169444	0.90633905	0.8793813	0.9063953	0.86517143	0.91383606	0.960985	0.86628616	0.92694086	0.940278	0.8603474	0.93847674	0.9421786	0.8938473	0.9288182	0.9136019	0.8960826	0.90207994	0.90523463	0.9549429	0.9294901	0.90181136	0.9670151	0.93546927	0.6452224	0.9447313	0.9283197	0.92779696	0.86074114	0.90402883	0.90108925	0.86628497	0.92778975	0.9260415	0.92659277	0.9054035	0.8656142	0.9297097	0.8810647	0.83434117	0.88865995	0.8644947	0.9680269	0.9000385	0.79735994	0.87952846	0.9431162	0.9192671	0.9141312	0.8543321	0.9161473	0.9437006	0.8310474	0.96083164	0.96276814	0.87060744	0.9338858	0.8981154	0.9263329	0.9375116	0.83701813	0.8590874
aanblik/noun	0.86388123	0.767089	0.88893986	0.8972396	0.8585354	0.86554295	0.871976	0.87229735	0.93198097	0.84093946	0.8146398	0.8980192	0.9126546	0.8867307	0.8604413	0.8214704	0.89840126	0.8939398	0.694767	0.9332623	0.90945166	0.93397754	0.8662733	0.83888674	0.767132	0.7723756	0.75079703	0.90226847	0.77228796	0.0	0.78321683	0.87618726	0.9276831	0.85488147	0.8755661	0.9117404	0.87949634	0.9450396	0.7974125	0.9455395	0.8506804	0.8937361	0.9130517	0.7490274	0.8553797	0.83299345	0.7829562	0.68544245	0.8712399	0.79776394	0.8389187	0.7714043	0.9237299	0.79679257	0.87591773	0.82245374	0.8348453	0.8724468	0.84944403	0.88568413	0.7926122	0.82021403	0.8516867	0.7588305	0.8404492	0.85184544	0.8823682	0.6885952	0.91323996	0.9114373	0.8751209	0.89917177	0.93037003	0.8316226	0.9005101	0.8033323	0.7764019	0.7474395	0.89417267	0.82681984	0.9154784	0.8254596	0.94365567	0.92380077	0.73016906	0.89642704	0.8587388	0.80979145	0.8206761	0.8515167	0.87801313	0.7483797	0.80806446	0.8163424	0.87987727	0.837296	0.8588569	0.84292483	0.76518226	0.834226	0.897767	0.8525319	0.93895924	0.9342651	0.7840082	0.82696307	0.85696244	0.89917654	0.85891193	0.8523426	0.90653616	0.92250663	0.8699726	0.90043074	0.9476516	0.7953895	0.8818724	0.7923572	0.8496853	0.9378005	0.86594075	0.90316606
