	terstond/adv	inmiddels/adv	als/prep	na/prep	Rintje/name	Hakkinen/name	ermee/pp	in/adv	voor/comp	trio/noun	gisteren/adv	maar/adv	prompt/adj	ten/prep	deal/noun	Afrikaan/noun	namelijk/adv	alsnog/adv	atleet/noun	om/comp	stuk/noun	nummer/noun	al/adv	bij/adv	VS/name	echter/adv	vervolgens/adv	wegens/prep	die/det	Canadees/noun	zangeres/noun	Australië/name	zij/pron	deelnemer/noun	Kim/name	onderzoeker/noun	behoefte/noun	geenszins/adv	je/pron	jury/noun	stichting/noun	Spirit/name	definitief/adj	wereldkampioen/noun	daarna/adv	zwemmer/noun	veroorzaker/noun	1996/noun	Zuid-Koreaan/noun	Frankrijk/name	Donovan/name	Jon/name	Ferrari/name	kandidaat/noun	staatssecretaris/noun	erg/adj	Engeland/name	plaats/verb	laat/adj	bevolking_groep/noun	A_merk/noun	woensdag/noun	iedereen/pron	land_genoot/noun	's/adv	tegenstander/noun	ze/pron	toen/adv	genetisch/adj	niet/adv	nadat/comp	tijdens/prep	ploeg/noun	Thorpe/name	daarmee/pp	als/comp	omdat/comp	Durand/name	door/comp	toch/adv	echt/adj	Nederland/name	men/pron	nationaal-socialisme/noun	daarop/pp	impliciet/adj	haar/pron	gisteravond/adv	overdaad/noun	tijdperk/noun	Belg/noun	Martina/name	zich/pron	logischerwijze/adv	elftal/noun	meteen/adv	IOC/name	hiermee/pp	Joegoslavië/name	door/prep	luchtvaart_autoriteit/noun	mens/noun	donderdag/noun	Melkert/name	liberaal/noun	uiteraard/adv	misschien/adv	Carpenter/name	kinderloos/adj	Bauer/name	Jack/name	weinig/noun	coureur/noun	getuige/noun	winnaar/noun	auto/noun	daardoor/pp	NU/name	11/num	zaterdag/noun	automatisch/adj	bestuur_lid/noun	voor/prep	achteraf/pp	toen/comp	zondag/noun	Schumacher/name	hen/pron	hij/pron	kwartet/noun	Maij/name	Gordon/name	partij/noun	scheidsrechter/noun	Brussel/name	commissie/noun	Brit/noun	dag/noun	Marcus/name	opponent/noun	vanmorgen/adv	Italiaan/noun	rest/noun	renner/noun	management/noun	volgens/prep	aanvankelijk/adj	sector/noun	boek/noun	mensheid/noun	Deen/noun	Mexicaan/noun	voorlopig/adj	Libië/name	eerst/adv	Duitsland/name	gistermiddag/adv	Van/name	noodzakelijkerwijs/adv	zichzelf/pron	viertal/noun	twee/num	hem/pron	Tweede/name	Groenewold/name
terstond/adv	0.0	0.789123	0.8346851	0.8497872	0.82997984	0.8857519	0.8296888	0.9001015	0.78813267	0.8799256	0.7957291	0.88289255	0.66019416	0.90724194	0.8695104	0.8546214	0.8166123	0.7602937	0.8794467	0.7651317	0.8838916	0.91729707	0.87629247	0.8883816	0.88677466	0.8116919	0.7089112	0.82647586	0.7958205	0.831439	0.8947002	0.8902951	0.7444037	0.9108503	0.9172363	0.8678121	0.8591404	0.8317877	0.8212552	0.87525356	0.8861337	0.8971934	0.83274364	0.9274513	0.7684756	0.86676115	0.8802254	0.88987195	0.8590328	0.9053969	0.92535156	0.8929618	0.86772436	0.8761099	0.8741672	0.9082267	0.89308804	0.88326764	0.8829521	0.8634906	0.9259241	0.8890478	0.8031729	0.8905951	0.8724961	0.8847226	0.7538487	0.7900604	0.8565408	0.8440628	0.7624744	0.8607384	0.89864504	0.8956296	0.8184266	0.7910341	0.7626609	0.9223657	0.804343	0.8504241	0.83855474	0.8853538	0.81298697	0.87201834	0.7426102	0.83405495	0.7853992	0.81037104	0.8711451	0.88013643	0.8926146	0.91459376	0.81379	0.8800114	0.90439475	0.65111935	0.8293309	0.82888776	0.85130656	0.78421247	0.9097014	0.8336868	0.8804752	0.83431923	0.8746723	0.8601469	0.8901673	0.91736126	0.85728776	0.8902698	0.88494074	0.87946963	0.87096524	0.8298484	0.92584467	0.847883	0.84097064	0.893834	0.9582174	0.9300646	0.800659	0.8952039	0.8307213	0.8411058	0.78428954	0.93172497	0.89272577	0.78451425	0.75122166	0.86346096	0.84703916	0.89324486	0.8709879	0.8855097	0.9185662	0.8280605	0.85296595	0.8717724	0.8939101	0.86721957	0.824583	0.877593	0.8854779	0.89540714	0.8720075	0.83349717	0.8388152	0.91952515	0.8689947	0.84108484	0.8510245	0.8530237	0.8186107	0.8531155	0.797974	0.9148629	0.79634035	0.93905735	0.84747255	0.8387077	0.81528497	0.85010314	0.7749855	0.8700475	0.8627499
inmiddels/adv	0.789123	0.0	0.75290036	0.8009	0.8580853	0.8547059	0.8749488	0.6836082	0.7432512	0.8106583	0.6819195	0.8621718	0.70640385	0.78593826	0.7572466	0.7602666	0.73165214	0.71946216	0.7472792	0.8126165	0.79810005	0.7786865	0.6269828	0.8334883	0.81907266	0.7604566	0.7273129	0.74317336	0.8126734	0.78330415	0.7591178	0.8156074	0.7044068	0.7460925	0.8857224	0.7965272	0.87009734	0.81401217	0.88717115	0.8667994	0.75505614	0.89514905	0.778656	0.88059187	0.7760787	0.7966162	0.8463656	0.73534125	0.7979898	0.8178052	0.8891998	0.8220084	0.8006886	0.7943228	0.8540757	0.8946787	0.8065207	0.89511114	0.7712908	0.8036428	0.8505304	0.83940905	0.85296774	0.8122159	0.89709854	0.8840132	0.7684014	0.716066	0.8315891	0.84823376	0.6476517	0.87860936	0.86848485	0.8374057	0.7307308	0.8292839	0.7408886	0.87186396	0.8277767	0.85971326	0.86957777	0.7166018	0.8220716	0.8984672	0.74120295	0.7979179	0.8369938	0.73604757	0.8950882	0.83221805	0.78458583	0.88874847	0.8367571	0.90695614	0.86384237	0.7861096	0.79829764	0.73712754	0.78169304	0.7602192	0.8607979	0.72946036	0.8280078	0.8382975	0.8670224	0.85629356	0.88113636	0.8998095	0.7897868	0.810246	0.8284162	0.8575061	0.7674024	0.7979151	0.8841029	0.85829675	0.7666114	0.8793484	0.889729	0.9137167	0.8036005	0.79073805	0.83414906	0.8400329	0.76852465	0.92053914	0.85192204	0.79148877	0.73925024	0.79877996	0.8441145	0.80481344	0.83168894	0.8978002	0.8945041	0.7869959	0.74300444	0.7760869	0.827575	0.86719334	0.69204795	0.8143282	0.8616999	0.76008004	0.76867616	0.7128414	0.7366288	0.80853003	0.80897355	0.8500617	0.7975732	0.7982316	0.7453114	0.7508842	0.8039455	0.7966659	0.6899191	0.91022587	0.86768216	0.85652804	0.77252346	0.78355813	0.80772966	0.8417434	0.87300956
als/prep	0.8346851	0.75290036	0.0	0.88822263	0.82874	0.8646104	0.8785824	0.9012643	0.85914946	0.85589516	0.8246891	0.8954824	0.80189025	0.8631215	0.83320373	0.78843987	0.75620663	0.8359573	0.8220604	0.8109529	0.86535	0.8592307	0.8850755	0.8738586	0.82015085	0.8328132	0.8400388	0.8665246	0.7960657	0.7978528	0.78327024	0.8172958	0.7652799	0.8804075	0.85367835	0.83162934	0.8316495	0.77949005	0.85716265	0.7900372	0.83210737	0.85158783	0.8755179	0.8080653	0.8923847	0.83292305	0.87133086	0.8243748	0.84922034	0.84781176	0.85634303	0.75463045	0.82132185	0.75000674	0.8774988	0.8626805	0.8030951	0.8649688	0.9026173	0.80501074	0.8605287	0.9278686	0.881016	0.81107616	0.9450329	0.82091117	0.854443	0.83219314	0.8244667	0.8698336	0.8074833	0.88020486	0.8270011	0.8175861	0.79725754	0.79558456	0.7997019	0.88929874	0.82212925	0.8580762	0.7665169	0.79642254	0.84817415	0.8628211	0.85778534	0.7592992	0.842358	0.81964487	0.80166614	0.76656014	0.8254098	0.8580095	0.79399043	0.87184906	0.7996154	0.8311741	0.81413776	0.7933197	0.81938416	0.7552123	0.91954404	0.8597662	0.9282948	0.7676941	0.80151665	0.7908663	0.8318459	0.86604685	0.8258962	0.79333824	0.7492043	0.8259328	0.79277694	0.8290883	0.81896913	0.9157434	0.84139305	0.87071794	0.96996695	0.93295395	0.8320492	0.7654729	0.7275425	0.8447681	0.8339192	0.9282882	0.8289293	0.8437142	0.76720834	0.77179545	0.8493246	0.74914944	0.81441796	0.8552092	0.9136386	0.8285817	0.8142079	0.94050705	0.7851401	0.79866076	0.86878276	0.8013843	0.8912874	0.8472723	0.7904652	0.7630448	0.798143	0.83381563	0.81106365	0.7805266	0.7996166	0.8539122	0.8472459	0.8099332	0.87131596	0.8363832	0.8337017	0.8783894	0.80593765	0.73156047	0.79002523	0.81440246	0.8170606	0.8930762	0.8486161
na/prep	0.8497872	0.8009	0.88822263	0.0	0.853662	0.8039846	0.9377855	0.8685121	0.73778313	0.8578842	0.71930814	0.8895087	0.7357335	0.8330252	0.88984656	0.8438183	0.9087483	0.6901995	0.8196263	0.88794076	0.9014492	0.8442317	0.711253	0.8553512	0.8616828	0.81688154	0.7888598	0.68985206	0.8144592	0.80600446	0.90257835	0.79515684	0.8864982	0.8058387	0.83447963	0.92366314	0.94528043	0.83059084	0.933824	0.90622187	0.93123555	0.9228826	0.73825675	0.80381846	0.66817856	0.8200242	0.85442734	0.7371801	0.8008051	0.8300996	0.860248	0.8486433	0.8087615	0.8448622	0.9319139	0.90679914	0.76854527	0.8531127	0.54204977	0.8890983	0.93690574	0.7608213	0.92542464	0.8187883	0.8070237	0.77466714	0.88350207	0.73819345	0.9098954	0.94426423	0.5241199	0.5187942	0.689095	0.8226402	0.8447814	0.86804175	0.8371577	0.86263525	0.8559292	0.85761994	0.8929444	0.85716516	0.93319654	0.89628893	0.7539186	0.8673633	0.90668386	0.65019405	0.89604783	0.8712797	0.82366675	0.827242	0.91933876	0.8486339	0.7619549	0.6693951	0.84768593	0.8793269	0.80498195	0.7626569	0.89072084	0.90106815	0.7733875	0.83246005	0.8927683	0.87560284	0.9194081	0.9163523	0.87096894	0.8695782	0.9112601	0.86988646	0.7910631	0.80003977	0.77243286	0.87620056	0.83132637	0.9244544	0.85442543	0.7651944	0.8516499	0.8666239	0.7485917	0.8354306	0.62383485	0.758081	0.7752648	0.90851444	0.78147	0.8205875	0.89726967	0.90310156	0.83279616	0.7373093	0.88715017	0.87726694	0.83829236	0.6696363	0.85165185	0.7570019	0.7635143	0.78869724	0.9076667	0.75989175	0.8865404	0.9240749	0.8172165	0.91686773	0.910346	0.9062645	0.7749659	0.84277815	0.8204381	0.8289113	0.80946565	0.81855166	0.6698512	0.8827385	0.92517555	0.9337052	0.7380643	0.6731764	0.89588445	0.8491105	0.81351286
Rintje/name	0.82997984	0.8580853	0.82874	0.853662	0.0	0.7962596	0.83647907	0.9166587	0.81630445	0.8823638	0.8916629	0.797063	0.783926	0.9307387	0.90806407	0.82698035	0.846421	0.83553654	0.7790745	0.8512055	0.880166	0.874448	0.8289695	0.86262316	0.93243617	0.866081	0.78043944	0.92135656	0.7994142	0.7851642	0.8527615	0.85384095	0.8096095	0.8659308	0.8167995	0.9114877	0.9121159	0.84859496	0.7165946	0.88073105	0.90519565	0.90981376	0.8559313	0.7802265	0.7824421	0.7714473	0.90686715	0.85812855	0.820392	0.8939047	0.85695386	0.8231648	0.7879642	0.87557834	0.91469365	0.8420841	0.88096803	0.8945559	0.85612506	0.9104698	0.9014586	0.91433704	0.7553078	0.7851796	0.8491646	0.85543597	0.69080245	0.77020496	0.9229852	0.81865126	0.8552833	0.8530853	0.83109045	0.7322525	0.86196434	0.7272436	0.849697	0.88096243	0.83504707	0.7743589	0.74585164	0.8940527	0.8291001	0.9212985	0.8404462	0.9102799	0.7634047	0.8584937	0.87846357	0.90517634	0.84406024	0.84452045	0.8443136	0.91114855	0.8361507	0.7785976	0.86216754	0.89272404	0.9157623	0.85130775	0.9374971	0.84683263	0.91516894	0.81836504	0.90590084	0.80705255	0.8175908	0.89675426	0.8863409	0.7909505	0.8438957	0.86392254	0.77833	0.89681154	0.82423407	0.87897897	0.8745993	0.90721816	0.9264554	0.8870748	0.8745531	0.8742187	0.86185974	0.81290317	0.8018062	0.8768593	0.76600724	0.8316071	0.7251469	0.8118532	0.84687716	0.83363664	0.91596395	0.85736024	0.9291544	0.91733086	0.8510824	0.8669919	0.8279941	0.82581484	0.88070554	0.7785343	0.8873571	0.81514156	0.9036469	0.9215104	0.852624	0.9282983	0.88854885	0.8899239	0.78823286	0.86603385	0.8777582	0.9030347	0.82248324	0.90697914	0.84586513	0.8944813	0.91910666	0.86525905	0.8243617	0.8368899	0.7760522	0.9346751	0.66609645
Hakkinen/name	0.8857519	0.8547059	0.8646104	0.8039846	0.7962596	0.0	0.90643805	0.88189876	0.86859995	0.87081474	0.8651009	0.8779057	0.8029746	0.9036102	0.90101933	0.84977984	0.86733836	0.78745306	0.7948692	0.84342027	0.8899662	0.80214345	0.82390875	0.87491924	0.8621863	0.8267548	0.8265772	0.91264904	0.82939976	0.7683969	0.8617933	0.79765886	0.8102854	0.81466395	0.7927629	0.9280107	0.92373544	0.87282866	0.8425939	0.88897246	0.93430775	0.8964728	0.8400672	0.70852804	0.82600695	0.80304015	0.9103517	0.84029645	0.8428265	0.83705294	0.85093576	0.8271161	0.57774866	0.86811036	0.9485865	0.8893875	0.84235907	0.8826897	0.8136834	0.91587055	0.90844387	0.9255316	0.85129625	0.7177266	0.9042121	0.8202762	0.79483426	0.81550694	0.93027484	0.86429656	0.82193017	0.88095355	0.79239106	0.76054746	0.80137885	0.8487797	0.8645125	0.75604886	0.82672405	0.83350486	0.859449	0.87798744	0.8412188	0.9237705	0.8718011	0.90187055	0.85274094	0.859247	0.8989187	0.89790416	0.7834388	0.769012	0.8911825	0.8897099	0.84969544	0.78582925	0.88823533	0.8535526	0.87816006	0.8597213	0.92518795	0.89744556	0.91563356	0.86338687	0.88886076	0.832126	0.8769338	0.881781	0.8912443	0.826646	0.8909202	0.89624286	0.654197	0.90680826	0.7981436	0.8466398	0.8279921	0.912595	0.8249179	0.8875306	0.8646237	0.92230827	0.86605185	0.85395825	0.80458045	0.8686504	0.41317254	0.86927533	0.7458449	0.830909	0.8829763	0.85259223	0.8804201	0.89910674	0.9430313	0.9381301	0.800641	0.8528616	0.7724166	0.80593663	0.89543015	0.70812863	0.8945578	0.73090625	0.89975685	0.9419749	0.8613465	0.9187288	0.91559404	0.8757076	0.77696735	0.8612025	0.8643158	0.8792218	0.85717285	0.8335846	0.8447609	0.8786219	0.91207635	0.85766304	0.79821646	0.8307924	0.83136153	0.9285582	0.73810136
ermee/pp	0.8296888	0.8749488	0.8785824	0.9377855	0.83647907	0.90643805	0.0	0.91183704	0.7918608	0.9172487	0.859681	0.793327	0.8150893	0.95061255	0.85195565	0.87428844	0.83767873	0.8091396	0.9145891	0.78023875	0.92264074	0.95763427	0.8560954	0.9226256	0.9234069	0.83846027	0.7408382	0.9230041	0.83589125	0.9108195	0.93514097	0.91901475	0.7308141	0.95037866	0.9546799	0.91306674	0.90231353	0.8477963	0.706002	0.9247354	0.90719163	0.90468633	0.8344269	0.93787664	0.75765145	0.9096531	0.93031186	0.90573406	0.9159798	0.92732316	0.9504652	0.9315296	0.9050441	0.91750854	0.9278311	0.90653074	0.92247033	0.94492245	0.92196715	0.90541005	0.9338641	0.92251873	0.7643714	0.9200938	0.8561948	0.9134717	0.6519104	0.7836094	0.9047191	0.78321075	0.84470034	0.9333768	0.9500644	0.91932774	0.6410897	0.7444614	0.8309116	0.9409728	0.7993976	0.80873984	0.80937386	0.9158628	0.7600645	0.890736	0.82576346	0.84332055	0.76623243	0.8698635	0.89479554	0.89223975	0.9175172	0.93676347	0.7952621	0.8935192	0.94062495	0.76677966	0.8761378	0.63996375	0.89871895	0.87079823	0.88464403	0.82386434	0.9127829	0.87890714	0.8607257	0.86616075	0.84897745	0.9506904	0.90147084	0.9268991	0.9261696	0.89225954	0.88962954	0.90705884	0.95827687	0.84534645	0.88051903	0.9010198	0.98478633	0.9606663	0.8478901	0.92294264	0.9170715	0.8551078	0.8176261	0.95167124	0.9357585	0.76432073	0.7132424	0.89785576	0.8923846	0.92927104	0.8596744	0.91365397	0.91825014	0.8851036	0.90922874	0.8848349	0.9474692	0.8860439	0.881236	0.916404	0.89032084	0.9027444	0.88608557	0.8795057	0.84331703	0.935887	0.92732775	0.8636153	0.8977941	0.9070626	0.8621287	0.88330317	0.7617103	0.93125254	0.8743992	0.9577164	0.85820186	0.816677	0.86613566	0.8940047	0.7714093	0.8858834	0.91730535
in/adv	0.9001015	0.6836082	0.9012643	0.8685121	0.9166587	0.88189876	0.91183704	0.0	0.883087	0.879882	0.9039944	0.82156354	0.86857486	0.79048306	0.86343956	0.7942091	0.8296576	0.88961434	0.76143515	0.8912898	0.77310896	0.76266074	0.78789604	0.9096207	0.9382884	0.8991156	0.8725395	0.8640326	0.8610666	0.8563775	0.8742122	0.92185485	0.8311311	0.61249554	0.9294957	0.9139422	0.9180051	0.89333665	0.8535731	0.91172594	0.87922657	0.929495	0.9247545	0.91421795	0.9049246	0.8127053	0.91943383	0.86681855	0.84793866	0.9358667	0.90962243	0.88474894	0.89650667	0.8116718	0.9614358	0.94133264	0.9284624	0.9164945	0.8663601	0.88575596	0.91527164	0.9324943	0.89160943	0.9018304	0.900744	0.9443063	0.8531389	0.8444612	0.9022782	0.8805425	0.85089254	0.9265077	0.9141593	0.87904197	0.83864564	0.8793676	0.84691447	0.8720896	0.89068216	0.8883758	0.8892885	0.85107785	0.8685797	0.90707684	0.8894395	0.8774043	0.9126193	0.8972349	0.9157626	0.9018031	0.79550666	0.9089782	0.88403	0.91316843	0.9473622	0.8873594	0.9079159	0.8532446	0.90196264	0.88670576	0.94260716	0.67586803	0.9281991	0.9209268	0.91641724	0.8876686	0.9105084	0.94883454	0.8983288	0.8986507	0.9395299	0.89922947	0.85426253	0.87113214	0.8932848	0.86108184	0.8649782	0.9132171	0.7499212	0.92958075	0.85564244	0.9131962	0.81155485	0.9060725	0.85554504	0.9329599	0.8875828	0.8585061	0.8681458	0.91061974	0.9234665	0.9093048	0.8944262	0.9247895	0.9215453	0.9324964	0.83006644	0.7464817	0.8996615	0.93393815	0.89324284	0.88173395	0.9036948	0.7485362	0.89659	0.90054226	0.8843685	0.89085233	0.89820445	0.9071069	0.87125045	0.83072996	0.8839866	0.8650366	0.91635454	0.91607565	0.8515663	0.9296738	0.9107844	0.8844137	0.8573321	0.7791078	0.90417564	0.95271295	0.9145185
voor/comp	0.78813267	0.7432512	0.85914946	0.73778313	0.81630445	0.86859995	0.7918608	0.883087	0.0	0.8988967	0.8294578	0.7537439	0.73610556	0.92726445	0.86316586	0.8358599	0.7934346	0.7197533	0.8681456	0.69098294	0.85058475	0.90584826	0.6834298	0.8662385	0.90804315	0.78119916	0.5997218	0.8419783	0.77588886	0.8575295	0.8931856	0.88505584	0.7280824	0.8993169	0.93256587	0.9008133	0.8896856	0.8417809	0.70796204	0.8809419	0.92673254	0.8962669	0.71675986	0.920774	0.5172209	0.8536906	0.91116405	0.81829923	0.8547375	0.9102399	0.9251219	0.8890345	0.8709694	0.87198514	0.9337342	0.90052295	0.87936497	0.8984168	0.6755974	0.9109291	0.9262369	0.86849105	0.76682925	0.91105527	0.7292659	0.88333845	0.62300646	0.630684	0.8813119	0.7543005	0.64293724	0.83044887	0.88461983	0.87446254	0.8384595	0.59147316	0.7337464	0.91898847	0.76868504	0.7372756	0.78016645	0.8938229	0.75289685	0.89012605	0.732038	0.86419326	0.767869	0.8213935	0.8864837	0.8752458	0.8799872	0.91271436	0.8689611	0.8828102	0.9006412	0.6571721	0.86356044	0.8482497	0.89264715	0.82928056	0.88069606	0.7943147	0.8533709	0.8725709	0.9141717	0.83917755	0.77920127	0.92609566	0.87838006	0.87302494	0.91448724	0.8521184	0.83376616	0.843973	0.9257392	0.7979998	0.81535864	0.9266201	0.965676	0.90717155	0.7808508	0.9330599	0.8034394	0.80363977	0.58524156	0.90173507	0.8884912	0.77934	0.65852344	0.8740432	0.8905365	0.90368384	0.9021677	0.90463746	0.91940063	0.87768483	0.86518335	0.73005927	0.92524916	0.8560505	0.84640944	0.8877241	0.8677073	0.83220184	0.8962357	0.9000448	0.84959733	0.922184	0.88780457	0.8602662	0.8543605	0.85169005	0.7696199	0.8395058	0.5879872	0.9218578	0.7958239	0.9777206	0.87706363	0.84780693	0.77674675	0.7777488	0.76953113	0.9018537	0.88207567
trio/noun	0.8799256	0.8106583	0.85589516	0.8578842	0.8823638	0.87081474	0.9172487	0.879882	0.8988967	0.0	0.8477687	0.95756584	0.8218024	0.91275126	0.8966317	0.85903096	0.9028528	0.862998	0.7771971	0.92071056	0.8805535	0.7543782	0.89113986	0.91180015	0.9005796	0.9033313	0.844477	0.86661255	0.9095887	0.7465013	0.66010785	0.8751385	0.8346109	0.7956171	0.7993643	0.8825851	0.95279086	0.8768036	0.93856055	0.85313416	0.9165009	0.8404852	0.90802103	0.83572096	0.8418703	0.8296701	0.9418881	0.8448721	0.88688695	0.9007617	0.84827846	0.7542841	0.8399012	0.89256215	0.9468417	0.9329595	0.87961507	0.9196596	0.8698205	0.90667725	0.94979024	0.85430783	0.9373837	0.74701345	0.9266256	0.8557582	0.83892405	0.8643533	0.93747675	0.94074374	0.8211651	0.85470307	0.7838938	0.8444249	0.91743153	0.9346658	0.8928214	0.82121766	0.8767172	0.9281196	0.9172058	0.9136493	0.92513394	0.9307092	0.85284734	0.9176019	0.865129	0.8278969	0.89467084	0.88937443	0.8077237	0.86610174	0.9017035	0.90778255	0.8202921	0.83310413	0.9093454	0.92013466	0.90952855	0.79957247	0.9377033	0.91147447	0.8600066	0.9202973	0.89496493	0.89416337	0.9501945	0.89769334	0.89514804	0.79987323	0.7880525	0.879515	0.7956569	0.8107144	0.83714664	0.8482429	0.9003283	0.91186047	0.85772204	0.84384906	0.8913129	0.85564953	0.90038097	0.9108799	0.83617735	0.85251987	0.82934195	0.83903486	0.8258404	0.5597435	0.93989134	0.7888512	0.8975616	0.837052	0.8825895	0.91532636	0.7946191	0.8981206	0.7920379	0.7988329	0.9137622	0.82914996	0.9223444	0.75153774	0.89071465	0.9045167	0.8806722	0.94466835	0.8931686	0.9244308	0.78660107	0.8671206	0.9000454	0.89965284	0.9158107	0.9183719	0.8175598	0.7794089	0.91216874	0.91060877	0.5859649	0.75863904	0.86010766	0.9650301	0.89798915
gisteren/adv	0.7957291	0.6819195	0.8246891	0.71930814	0.8916629	0.8651009	0.859681	0.9039944	0.8294578	0.8477687	0.0	0.94357246	0.6409106	0.8239114	0.7268634	0.8497927	0.8731146	0.6454288	0.83524144	0.8613186	0.9290151	0.89401877	0.8305925	0.87483436	0.7538457	0.7321536	0.74752223	0.7285894	0.8986262	0.76565695	0.85938466	0.8049716	0.7498325	0.87527996	0.8335223	0.77761835	0.9499492	0.80937296	0.95870763	0.7830745	0.78135115	0.7611064	0.73312753	0.7994587	0.81535465	0.84354156	0.8702421	0.7169609	0.81842333	0.80824554	0.880895	0.8471297	0.82521296	0.76494414	0.6353171	0.9554144	0.8347707	0.87327486	0.81057847	0.8780987	0.911693	0.5098889	0.9241856	0.7606249	0.89324105	0.797814	0.8546813	0.7474954	0.93653315	0.90017134	0.4983716	0.6839046	0.82449186	0.84320754	0.73222804	0.8799789	0.79889286	0.873606	0.8544441	0.9115477	0.94295764	0.8357836	0.88091034	0.9258699	0.6309528	0.7162333	0.8707123	0.27203834	0.9171871	0.8925661	0.8161922	0.85144836	0.8119384	0.88881576	0.81294465	0.7803219	0.7349659	0.6993325	0.7280142	0.71778536	0.7774385	0.9107163	0.48835492	0.6891342	0.7122061	0.908536	0.9540664	0.92414427	0.8987518	0.8536086	0.7891135	0.79480517	0.80833006	0.7318665	0.7832787	0.8817597	0.86774117	0.87644076	0.8948092	0.7290215	0.88104635	0.71022457	0.82633966	0.7967757	0.73768044	0.78070295	0.8380756	0.8446675	0.7237444	0.8074861	0.78106254	0.7840663	0.74088395	0.7943757	0.6724535	0.6393794	0.76099145	0.8010111	0.81235254	0.7679373	0.29718602	0.7929592	0.92355746	0.84253067	0.8208024	0.52613163	0.6840383	0.8915404	0.8874426	0.9137086	0.7957451	0.83740354	0.70921046	0.7092553	0.8072194	0.8216422	0.33068478	0.7781303	0.8887192	0.8883028	0.755868	0.78243285	0.8077098	0.6763171	0.8585078
maar/adv	0.88289255	0.8621718	0.8954824	0.8895087	0.797063	0.8779057	0.793327	0.82156354	0.7537439	0.95756584	0.94357246	0.0	0.87999535	0.9263769	0.8873775	0.7999288	0.75098306	0.85989416	0.85813415	0.76150036	0.8158376	0.8929821	0.76825947	0.79880816	0.96449757	0.7237048	0.7928985	0.9338138	0.70654786	0.8857879	0.93331546	0.95888233	0.7536978	0.89586943	0.9536016	0.88696766	0.85089105	0.8248401	0.5239779	0.90477747	0.9579637	0.91539586	0.89141506	0.93812376	0.7371378	0.8480166	0.90154	0.95768857	0.8744676	0.96192175	0.949744	0.92359555	0.89007306	0.8728571	0.96275467	0.709006	0.9416063	0.9388906	0.8275277	0.8726193	0.8918196	0.9722968	0.661206	0.9120085	0.8366873	0.8779708	0.60592985	0.7213109	0.89944774	0.61443615	0.9047242	0.95552576	0.86053514	0.8734985	0.8186306	0.6012552	0.7560246	0.9321776	0.7799609	0.52288914	0.6500882	0.9142336	0.66117954	0.9071962	0.8692486	0.86530876	0.75107294	0.9316225	0.82662785	0.90850616	0.8505206	0.93204194	0.8678093	0.89270264	0.9136327	0.79093283	0.9253159	0.84598565	0.93803656	0.9262055	0.93995446	0.7257787	0.96859175	0.8428476	0.8720381	0.7320187	0.5635911	0.9443264	0.86155987	0.8818153	0.94532245	0.7922999	0.83601487	0.91409934	0.92830974	0.90741557	0.80763334	0.9239971	0.9539439	0.9703204	0.86904234	0.95137805	0.8790002	0.72345567	0.8489907	0.9549649	0.9123951	0.7817267	0.70485336	0.88719755	0.87367696	0.924069	0.88775736	0.9088241	0.97933143	0.92703927	0.8918994	0.8213237	0.93508273	0.8509319	0.9120333	0.8733119	0.8525676	0.8463876	0.90890425	0.9380725	0.79531324	0.91090286	0.87879467	0.8422558	0.8602876	0.8621382	0.79981834	0.9211348	0.72053385	0.95296365	0.9259926	0.98389095	0.8513058	0.77452236	0.86472994	0.86455256	0.7492306	0.95149404	0.8520028
prompt/adj	0.66019416	0.70640385	0.80189025	0.7357335	0.783926	0.8029746	0.8150893	0.86857486	0.73610556	0.8218024	0.6409106	0.87999535	0.0	0.85597605	0.8353766	0.8107219	0.8065937	0.6176585	0.83338255	0.7720052	0.8661668	0.84508073	0.8299628	0.835413	0.8515156	0.7489035	0.5111825	0.704713	0.7856998	0.752314	0.83532655	0.8345159	0.6765956	0.884583	0.84655917	0.87859166	0.916452	0.8007708	0.8243807	0.81327784	0.8447407	0.82135653	0.760012	0.842734	0.6178554	0.8339334	0.88121843	0.7849733	0.7974882	0.83933544	0.8754303	0.8473056	0.7882271	0.8231853	0.8500204	0.9131666	0.8401491	0.86872387	0.774072	0.87042075	0.8983778	0.8231422	0.82191885	0.7802152	0.8383628	0.7834557	0.67240846	0.63371253	0.8975769	0.86529547	0.56211543	0.80401385	0.8227328	0.8007335	0.72158265	0.7440324	0.6947737	0.8685498	0.7175366	0.8426594	0.8639494	0.87347305	0.8275145	0.8836017	0.51545167	0.764377	0.6801424	0.6951771	0.8669069	0.8701713	0.82542384	0.84234	0.8066771	0.8661071	0.82820594	0.49497646	0.8059552	0.7528577	0.81423175	0.6972536	0.8432303	0.84910405	0.80554646	0.77648425	0.790155	0.8292897	0.8961065	0.9140006	0.8693134	0.8290862	0.84163016	0.8196339	0.7975556	0.7847403	0.8413824	0.7861309	0.76280355	0.89800316	0.92269516	0.8779396	0.70194316	0.8470172	0.80830973	0.7791392	0.643154	0.86924905	0.7950262	0.72227025	0.61388814	0.78508055	0.85041547	0.8333578	0.8097033	0.76296735	0.83537173	0.8184382	0.80300975	0.81039643	0.85383886	0.76926684	0.72633964	0.7669432	0.86565816	0.8019656	0.85532993	0.7939005	0.6970917	0.8970957	0.8695509	0.854106	0.7640362	0.80951846	0.7687661	0.78340393	0.7259231	0.85689336	0.68630135	0.8654886	0.8944271	0.79870135	0.7191371	0.7522381	0.6473696	0.8613821	0.84183717
ten/prep	0.90724194	0.78593826	0.8631215	0.8330252	0.9307387	0.9036102	0.95061255	0.79048306	0.92726445	0.91275126	0.8239114	0.9263769	0.85597605	0.0	0.88306993	0.8303497	0.8589296	0.87598246	0.8379718	0.8508175	0.8605974	0.92678285	0.8853389	0.9123247	0.76228446	0.8837708	0.90908355	0.82806003	0.8321421	0.87527937	0.9155127	0.8177504	0.8910359	0.84507835	0.9180966	0.87333965	0.86441606	0.8391644	0.9594707	0.9264284	0.8767701	0.9341248	0.89791095	0.85957277	0.9255896	0.8570681	0.852633	0.8071283	0.8651128	0.8284402	0.92705745	0.9095213	0.9012225	0.8909767	0.93306714	0.9399972	0.8590553	0.8961001	0.8973311	0.7563551	0.868514	0.887235	0.9417312	0.89109963	0.9552321	0.8531593	0.95186305	0.90442187	0.87522334	0.9558991	0.8186451	0.84856904	0.8944355	0.8830581	0.7944831	0.90719944	0.8602678	0.9185759	0.8295296	0.94012356	0.9467456	0.7933387	0.9255979	0.8758162	0.90597564	0.8122988	0.96592516	0.8277489	0.91144776	0.85460347	0.87400514	0.9030859	0.88892424	0.91911256	0.8599338	0.9318236	0.84163517	0.8322168	0.7823299	0.78799623	0.913448	0.842929	0.9027667	0.89202845	0.8644712	0.90689963	0.9487929	0.9334909	0.88222206	0.91741806	0.9417214	0.8749377	0.89954466	0.90599	0.8998972	0.9194931	0.7693416	0.9007439	0.86289954	0.91985005	0.85505295	0.91956013	0.7744458	0.94537556	0.87342215	0.9380077	0.9139447	0.9252199	0.93017286	0.88879144	0.93404365	0.9281289	0.8707491	0.9337516	0.8489029	0.8896451	0.84299815	0.88187253	0.9136925	0.8665421	0.80294526	0.892777	0.8793852	0.88894165	0.83446693	0.85308224	0.83166254	0.76584727	0.9377453	0.8635067	0.8737943	0.8439487	0.8978357	0.80761933	0.9370823	0.78192496	0.84526086	0.96071875	0.84158534	0.9297013	0.8823243	0.8970214	0.9585204	0.91529024	0.925196
deal/noun	0.8695104	0.7572466	0.83320373	0.88984656	0.90806407	0.90101933	0.85195565	0.86343956	0.86316586	0.8966317	0.7268634	0.8873775	0.8353766	0.88306993	0.0	0.86459786	0.7894937	0.70629704	0.88044983	0.8199949	0.8589485	0.9045938	0.8484123	0.85086095	0.8332113	0.74992347	0.8246772	0.84518737	0.8089647	0.8615272	0.8984171	0.89982563	0.78616667	0.92407954	0.92828244	0.8659531	0.9029309	0.8200345	0.85997057	0.885729	0.84211725	0.88042194	0.7634226	0.91452754	0.8571392	0.88191783	0.90039456	0.82540786	0.8910421	0.90205085	0.93364745	0.8759397	0.84328306	0.8580324	0.87057954	0.8853177	0.8868596	0.91269886	0.9135416	0.87448925	0.8694735	0.85249156	0.87243605	0.89965844	0.9433043	0.87471306	0.82829124	0.84447134	0.85812664	0.8354728	0.78829795	0.9175854	0.8829886	0.88214755	0.7489899	0.8243279	0.7716319	0.93496585	0.81842566	0.8316498	0.8790242	0.86373615	0.81655467	0.9041159	0.81852394	0.78236824	0.88554883	0.7941997	0.86970085	0.8643843	0.90582126	0.9055195	0.86823833	0.914695	0.90165424	0.8685652	0.8339073	0.7344903	0.859194	0.8088002	0.84856755	0.8858869	0.84880584	0.83324045	0.82712495	0.84046763	0.881253	0.9194159	0.88162464	0.89653575	0.8784194	0.83150125	0.85706145	0.8197422	0.88050437	0.8989855	0.8133049	0.90895706	0.9359698	0.9201648	0.84390545	0.8465421	0.8351252	0.84614825	0.87805766	0.93094957	0.8982031	0.8565403	0.8217603	0.8554255	0.85281104	0.84335345	0.8104771	0.8998127	0.89802575	0.80820894	0.8280048	0.90746415	0.88931066	0.8614721	0.7251256	0.8738804	0.9173184	0.9026445	0.7437254	0.74346566	0.75585675	0.8242842	0.8604388	0.8822348	0.8669303	0.8695218	0.79274005	0.786018	0.8507979	0.8819533	0.8072094	0.9456239	0.86743546	0.88163066	0.83964103	0.88693875	0.8487998	0.8538932	0.9235936
Afrikaan/noun	0.8546214	0.7602666	0.78843987	0.8438183	0.82698035	0.84977984	0.87428844	0.7942091	0.8358599	0.85903096	0.8497927	0.7999288	0.8107219	0.8303497	0.86459786	0.0	0.7579214	0.82538295	0.70450556	0.77598953	0.80986106	0.85651296	0.81115925	0.87807053	0.85079753	0.8081355	0.77695775	0.84896463	0.7648517	0.7117899	0.82205236	0.790961	0.697707	0.77204615	0.87783873	0.8364921	0.8357414	0.7950032	0.75069666	0.8644433	0.8904343	0.9030754	0.9037352	0.8506297	0.81083405	0.7575481	0.8496173	0.8564517	0.74892354	0.82298446	0.90228057	0.83817255	0.84402853	0.81660366	0.9402332	0.7902513	0.78339696	0.87916607	0.85543317	0.6788577	0.8818184	0.90445936	0.76633453	0.7390617	0.85718405	0.77563083	0.6831871	0.7852449	0.8192247	0.7968345	0.81749195	0.84263647	0.8198668	0.8361296	0.8373611	0.77686393	0.74015856	0.8803536	0.7572096	0.77841777	0.7841804	0.7552366	0.7551532	0.8484931	0.8367406	0.81330365	0.74444765	0.8312797	0.77853954	0.8110109	0.60775363	0.87509227	0.79722726	0.9097879	0.8434868	0.8195629	0.86147124	0.8472524	0.8092219	0.7248597	0.9350673	0.58723223	0.91113687	0.85920507	0.8362683	0.80362487	0.8059218	0.90779877	0.8159272	0.84713006	0.8760922	0.829851	0.7461572	0.80384177	0.8688381	0.85051113	0.79734015	0.9139472	0.91513556	0.8977796	0.8354549	0.88611585	0.81003666	0.830116	0.79218704	0.8957305	0.86346114	0.70509994	0.72983134	0.81352615	0.8872457	0.8403501	0.86078346	0.8472708	0.8804145	0.89225644	0.6569319	0.8167442	0.8461082	0.7843262	0.8819001	0.66460425	0.84182304	0.7737139	0.8646774	0.8836677	0.8096927	0.8436313	0.84888273	0.7570195	0.7332921	0.68440515	0.87950325	0.7755135	0.82017016	0.82263625	0.80417633	0.934818	0.8612174	0.7801752	0.75772893	0.7852367	0.7696736	0.9054582	0.8747845
namelijk/adv	0.8166123	0.73165214	0.75620663	0.9087483	0.846421	0.86733836	0.83767873	0.8296576	0.7934346	0.9028528	0.8731146	0.75098306	0.8065937	0.8589296	0.7894937	0.7579214	0.0	0.7915473	0.81367713	0.6409791	0.77682424	0.88869584	0.7799405	0.77059484	0.88204014	0.5626997	0.7467247	0.8501618	0.5969413	0.8504223	0.8812567	0.89201176	0.62837875	0.88296455	0.9429779	0.7367733	0.7404357	0.7084521	0.6588954	0.8373932	0.8120977	0.88783413	0.84597117	0.9249624	0.8039079	0.8126185	0.7972502	0.8751097	0.85043746	0.8964302	0.9481956	0.8830061	0.8531389	0.8334788	0.90515715	0.7378939	0.8886865	0.876695	0.8812518	0.7209762	0.8026544	0.9258507	0.72548074	0.90835565	0.8837949	0.83461916	0.6615298	0.76652557	0.659547	0.6426365	0.84489113	0.8919715	0.86545736	0.8580104	0.7244288	0.6609303	0.5683659	0.9320886	0.66816115	0.66682947	0.7019081	0.8045741	0.66089296	0.84196556	0.7993554	0.7198725	0.74991965	0.87864035	0.758955	0.8028913	0.83691704	0.9071054	0.7419019	0.8341839	0.8871304	0.80641085	0.8055874	0.72660464	0.8662702	0.76063323	0.8816134	0.70000553	0.9215776	0.81133974	0.82017577	0.63136935	0.7306733	0.8993256	0.806131	0.8386041	0.90822214	0.7915218	0.8028766	0.84406656	0.913527	0.8495513	0.6252083	0.90643597	0.9688415	0.93893343	0.7064817	0.9091096	0.73499954	0.7304909	0.8574854	0.9330337	0.8999914	0.73462224	0.7392998	0.80996716	0.85697156	0.8644069	0.84322226	0.8959071	0.92636544	0.8109788	0.8382408	0.8579202	0.8903484	0.82873136	0.8810534	0.84760344	0.81530607	0.8523638	0.7728728	0.74583685	0.71165144	0.747457	0.80200547	0.7451967	0.80880034	0.8311918	0.75126743	0.8345498	0.77555126	0.8699713	0.8602394	0.97248673	0.7653806	0.7302668	0.8008359	0.8618983	0.74323493	0.9040233	0.86995405
alsnog/adv	0.7602937	0.71946216	0.8359573	0.6901995	0.83553654	0.78745306	0.8091396	0.88961434	0.7197533	0.862998	0.6454288	0.85989416	0.6176585	0.87598246	0.70629704	0.82538295	0.7915473	0.0	0.80377424	0.6050664	0.9074284	0.8805935	0.8184159	0.7732089	0.8349576	0.6340571	0.61421627	0.7117287	0.73441744	0.79167414	0.9145893	0.8050126	0.6517278	0.87992465	0.8729826	0.8759101	0.904342	0.7609353	0.85936683	0.81565785	0.78776413	0.8505681	0.5619468	0.8300607	0.6617757	0.80388755	0.8649482	0.77356744	0.7923514	0.84150153	0.9087345	0.8646236	0.8064742	0.7633576	0.8005115	0.9278387	0.8183795	0.8099382	0.7491778	0.8696765	0.91040283	0.7870859	0.8171383	0.81148314	0.91167045	0.7491671	0.7327024	0.7415358	0.8547759	0.7850499	0.6042125	0.81508446	0.7169862	0.7873315	0.6243962	0.7294696	0.6566729	0.9050134	0.64893544	0.71633697	0.863659	0.847535	0.7845943	0.8922341	0.6614055	0.7503806	0.772721	0.65885496	0.87683296	0.88339245	0.84489334	0.86926687	0.79477143	0.85591376	0.77393293	0.62461245	0.7316284	0.6564839	0.75911397	0.7634615	0.8351091	0.86558604	0.79003173	0.7692225	0.76145864	0.8021668	0.84967744	0.9394899	0.85886323	0.8883046	0.91432583	0.84970766	0.8000682	0.8102762	0.7904914	0.87078685	0.73024356	0.9118797	0.9393143	0.85714436	0.6899239	0.8526738	0.6900677	0.7840421	0.75757116	0.85307646	0.7982217	0.7074963	0.70970863	0.82620454	0.8200951	0.885041	0.73764414	0.7748673	0.86418176	0.7209898	0.80626607	0.8539049	0.8907047	0.7441672	0.73495334	0.76537204	0.8682089	0.80970967	0.8118478	0.77781844	0.7033877	0.8770374	0.9189234	0.85009557	0.76122314	0.82034564	0.64774954	0.7466506	0.68374103	0.838727	0.7042093	0.9184564	0.8709438	0.7957535	0.7113488	0.7705624	0.7013993	0.76336753	0.81042457
atleet/noun	0.8794467	0.7472792	0.8220604	0.8196263	0.7790745	0.7948692	0.9145891	0.76143515	0.8681456	0.7771971	0.83524144	0.85813415	0.83338255	0.8379718	0.88044983	0.70450556	0.81367713	0.80377424	0.0	0.82018673	0.84950113	0.786038	0.7792074	0.8858397	0.8927707	0.85141945	0.8539773	0.8405588	0.84779865	0.7069441	0.7412803	0.7619416	0.7802088	0.55153185	0.76479864	0.8100164	0.88557726	0.82779115	0.8437164	0.8182869	0.857917	0.9101804	0.87243843	0.6771414	0.8607798	0.4713586	0.8911413	0.8010951	0.78022695	0.8624442	0.80926156	0.80748224	0.7879144	0.6788364	0.9237248	0.89774346	0.8374509	0.8398756	0.8342378	0.7936907	0.8943875	0.88669586	0.83429885	0.6775774	0.9060349	0.7987771	0.7997798	0.85034686	0.857239	0.8576901	0.83051246	0.8074869	0.63550866	0.6564861	0.8362509	0.8540008	0.83313495	0.86014503	0.80914676	0.8578899	0.87015676	0.82223654	0.84912014	0.91931933	0.8788698	0.89089525	0.8502114	0.8235531	0.89070934	0.87708974	0.6754011	0.8280369	0.8726749	0.87347203	0.7201246	0.85335994	0.71339196	0.86009383	0.8598806	0.80229294	0.8963462	0.7106043	0.8962834	0.89226747	0.8744661	0.80013	0.8922846	0.890913	0.86853385	0.8369609	0.8585105	0.8781304	0.5777478	0.84524864	0.7251799	0.8778782	0.83531195	0.90268064	0.87326586	0.8516662	0.8326129	0.8076291	0.7702612	0.86412823	0.8623368	0.822047	0.7909964	0.7829516	0.79083264	0.70838463	0.90028036	0.8511907	0.8420142	0.80520386	0.8773656	0.8856134	0.77439886	0.79333645	0.84864354	0.7652556	0.89541537	0.7637804	0.87948537	0.53178996	0.87420857	0.8908247	0.8464306	0.8489581	0.890631	0.85979736	0.7801521	0.83179736	0.8495053	0.82369816	0.87950736	0.853694	0.836313	0.8734266	0.892977	0.842813	0.7229169	0.7984969	0.83481705	0.93810546	0.7415952
om/comp	0.7651317	0.8126165	0.8109529	0.88794076	0.8512055	0.84342027	0.78023875	0.8912898	0.69098294	0.92071056	0.8613186	0.76150036	0.7720052	0.8508175	0.8199949	0.77598953	0.6409791	0.6050664	0.82018673	0.0	0.8395492	0.9351558	0.8053183	0.7870386	0.84799176	0.6686603	0.6651244	0.8228646	0.6229845	0.8660774	0.93099827	0.90598154	0.59583884	0.8892114	0.9447206	0.8166394	0.749645	0.74225503	0.6896474	0.84649193	0.80765927	0.8539154	0.7847334	0.9438725	0.70583755	0.7906075	0.83327323	0.90041864	0.8377029	0.9135001	0.95288193	0.9003708	0.85815704	0.7931191	0.86850834	0.8201844	0.9195462	0.85840803	0.87390137	0.78966844	0.8807689	0.9279251	0.67496884	0.8878097	0.8593306	0.81317496	0.62329435	0.826176	0.7689526	0.68952584	0.8220832	0.8973971	0.8327441	0.8552324	0.69747865	0.65256596	0.62115026	0.92578244	0.45460117	0.70064604	0.758489	0.8819323	0.6612347	0.8784336	0.77017725	0.7640986	0.7216213	0.88007915	0.7899855	0.8620811	0.8796813	0.9340208	0.7638031	0.86007524	0.8804155	0.7249572	0.7934663	0.68710756	0.8301822	0.78903747	0.8612822	0.69399035	0.91784394	0.79865265	0.8061422	0.6973866	0.75214994	0.91965187	0.84788156	0.8780644	0.9484437	0.8342382	0.8362293	0.853324	0.94046426	0.82434833	0.67875445	0.88866806	0.9841198	0.95942587	0.72902405	0.91637325	0.63785243	0.7836817	0.85045815	0.9439533	0.8899069	0.6223464	0.7127733	0.8578044	0.8296667	0.9111973	0.7974019	0.9040868	0.9205073	0.7652863	0.8479254	0.8611376	0.92582893	0.7992004	0.8832897	0.87917525	0.8553862	0.8350298	0.7378986	0.8387208	0.7617557	0.77471864	0.8799709	0.77003103	0.83951914	0.8193798	0.72987473	0.7758846	0.6504889	0.90106714	0.87508035	0.985766	0.8103425	0.71554726	0.7771589	0.870276	0.6949488	0.87359184	0.86682546
stuk/noun	0.8838916	0.79810005	0.86535	0.9014492	0.880166	0.8899662	0.92264074	0.77310896	0.85058475	0.8805535	0.9290151	0.8158376	0.8661668	0.8605974	0.8589485	0.80986106	0.77682424	0.9074284	0.84950113	0.8395492	0.0	0.81353	0.8449767	0.86964476	0.94591075	0.84884727	0.7774846	0.9120863	0.8188262	0.88543284	0.8750872	0.93325	0.88114536	0.8202784	0.93848675	0.8879078	0.89455205	0.84705627	0.79640365	0.8951146	0.9078904	0.93711406	0.91846615	0.9359533	0.8081783	0.8443609	0.91497	0.9144127	0.88598275	0.9420121	0.9043001	0.8768421	0.8776944	0.8783181	0.9727517	0.6840929	0.9368437	0.8633511	0.87730956	0.8467207	0.8672737	0.94802594	0.8615318	0.91394305	0.8934008	0.8814682	0.79737186	0.86371267	0.8433788	0.8561685	0.9166556	0.9236071	0.87833774	0.88929194	0.88011587	0.8489955	0.8105626	0.946055	0.80011964	0.7936748	0.8140468	0.8770055	0.85035133	0.9075613	0.87907374	0.87382984	0.86121875	0.9199467	0.8133569	0.85390913	0.8665602	0.9294489	0.8768523	0.89772815	0.9176291	0.8573607	0.9306324	0.89092857	0.93973595	0.830379	0.93570983	0.7594894	0.94346035	0.92217636	0.9336121	0.81610453	0.79879755	0.8893288	0.89528805	0.8543569	0.909089	0.80162585	0.84968495	0.8840121	0.9281691	0.79740655	0.7546588	0.9307613	0.92552257	0.9405048	0.8437044	0.9477054	0.8503078	0.88059735	0.90563333	0.9477778	0.90597403	0.88947636	0.85238194	0.8018256	0.92461765	0.8821909	0.8935833	0.9384486	0.9486362	0.93860847	0.9002787	0.7905012	0.89555043	0.85137796	0.90725493	0.9081943	0.83116955	0.85169363	0.8856207	0.9353795	0.8253691	0.8714471	0.6514566	0.8618633	0.8757936	0.8478771	0.9143065	0.91596836	0.86005765	0.93355876	0.90332294	0.98546684	0.8921378	0.85800254	0.82685494	0.8417506	0.8749631	0.96078825	0.91648495
nummer/noun	0.91729707	0.7786865	0.8592307	0.8442317	0.874448	0.80214345	0.95763427	0.76266074	0.90584826	0.7543782	0.89401877	0.8929821	0.84508073	0.92678285	0.9045938	0.85651296	0.88869584	0.8805935	0.786038	0.9351558	0.81353	0.0	0.85604864	0.94951624	0.9203368	0.94473594	0.86852413	0.93533564	0.9028274	0.81843126	0.64386994	0.8491533	0.91509014	0.6574223	0.7677132	0.91410565	0.9489871	0.9141886	0.907797	0.8823476	0.92233104	0.8992928	0.92402935	0.8156537	0.88585365	0.7997396	0.9381629	0.8680302	0.8491198	0.9014337	0.836105	0.77613354	0.83058196	0.79195154	0.96371025	0.9388496	0.86072767	0.8490394	0.8327397	0.9123146	0.9274169	0.8554046	0.9128272	0.780323	0.90887314	0.8674945	0.9015539	0.87653565	0.92871636	0.9486139	0.8853712	0.9096813	0.7951712	0.8350249	0.9212381	0.93475515	0.94106597	0.7862045	0.90072966	0.93714195	0.91269326	0.89983726	0.91311324	0.9597603	0.8839968	0.9287191	0.9134403	0.8744199	0.9172133	0.8860085	0.77306765	0.7621286	0.9424383	0.92755365	0.84616894	0.8645246	0.916767	0.93755394	0.92027	0.90751874	0.946042	0.88122964	0.86463475	0.9453041	0.93711996	0.8719305	0.937122	0.85055625	0.8990716	0.7900688	0.8225435	0.8965813	0.78023905	0.89451337	0.730636	0.90708876	0.9228884	0.8542339	0.64337194	0.8342798	0.86731434	0.8754891	0.87293553	0.94036806	0.8860224	0.8455014	0.7828105	0.9192817	0.89860356	0.7394663	0.9422263	0.82221764	0.90425485	0.89712274	0.909592	0.9436347	0.82703483	0.7951087	0.7928289	0.84562325	0.9133357	0.8402177	0.9165245	0.70038927	0.9205042	0.9397988	0.9242511	0.94289666	0.76102614	0.9278617	0.84375674	0.8820994	0.9115621	0.9335732	0.9207899	0.9038737	0.882401	0.8770714	0.9249692	0.91406095	0.83030397	0.82981515	0.92726505	0.97171545	0.8960304
